1000 17
1003 17
1004 17
1005 17
1006 17
1007 17
1008 17
1009 17
1010 17
1011 24
1012 4
1013 17
1014 17
1015 0
1016 17
1017 17
1018 17
1019 17
1020 22
1021 17
1022 17
1023 17
1025 17
1026 17
1027 17
1028 17
1030 17
1031 17
1032 17
1033 17
1034 17
1035 17
1036 17
1037 17
1038 17
1039 17
1040 17
1041 17
1042 19
1043 22
1044 4
1045 17
1046 17
1047 17
1048 17
1049 17
1050 28
1051 17
1052 17
1053 17
1054 17
1056 17
1057 12
1058 0
1059 17
1060 17
1062 17
1063 17
1064 17
1065 17
1066 17
1067 17
1068 17
1069 17
1070 17
1072 17
1073 17
1074 17
1075 17
1077 17
1078 17
1079 10
1080 17
1082 17
1083 17
1084 17
1085 17
1086 17
1087 17
1088 0
1089 17
1090 17
1091 17
1092 19
1093 17
1094 17
1095 17
1096 17
1097 17
1099 0
10000 31
10001 31
10002 31
10003 0
10004 0
10005 0
10006 0
10007 0
10008 0
10009 0
10010 31
10011 31
10012 31
10013 31
10014 31
10015 31
10016 31
10019 31
10020 31
10022 31
10023 31
10024 31
10025 31
10027 31
10028 31
10029 31
10030 0
10031 31
10032 31
10033 31
10034 0
10035 31
10036 31
10037 31
10038 31
10039 0
10040 31
10041 31
10042 31
10044 31
10045 31
10046 31
10047 31
10048 31
10049 31
10050 31
10051 31
10052 31
10053 31
10054 31
10055 31
10056 31
10057 31
10058 31
10059 31
10061 17
10062 31
10066 31
10067 31
10068 31
10069 31
10070 31
10071 31
10072 31
10073 31
10074 31
10076 31
10077 31
10078 31
10079 31
10080 31
10081 31
10082 31
10083 31
10084 31
10085 31
10086 31
10087 31
10088 31
10089 31
10090 31
10091 31
10092 31
10093 31
10094 31
10095 31
10096 31
10097 31
10098 31
10099 31
12000 23
12001 27
12002 27
12003 13
12004 13
12005 27
12006 27
12007 27
12008 27
12009 27
12010 27
12012 27
12013 27
12014 27
12015 27
12016 27
12017 27
12020 27
12021 27
12022 27
12023 27
12024 27
12025 27
12026 27
12027 27
12028 27
12029 27
12030 27
12031 27
12032 27
12033 27
12034 27
12035 27
12036 27
12037 27
12038 27
12039 27
12040 27
12042 27
12043 27
12044 27
12045 27
12046 27
12047 27
12048 27
12050 15
12051 27
12052 27
12053 27
12054 27
12056 27
12057 27
12058 27
12059 27
12060 27
12061 27
12062 27
12063 27
12065 27
12067 27
12068 27
12069 27
12070 27
12071 27
12072 27
12073 27
12074 27
12075 27
12076 27
12077 27
12078 27
12079 27
12080 27
12081 27
12082 27
12083 27
12084 27
12085 27
12086 27
12087 27
12088 27
12089 27
12090 27
12091 27
12092 27
12093 27
12094 27
12097 27
12098 27
12099 27
13000 10
13003 1
13004 1
13005 1
13006 1
13007 1
13008 1
13009 1
13010 1
13011 0
13013 0
13014 0
13015 0
13016 0
13017 1
13018 1
13019 1
13021 1
13022 1
13023 1
13024 13
13025 1
13026 13
13027 1
13028 1
13029 1
13030 13
13031 1
13032 1
13033 1
13034 1
13035 1
13036 1
13037 1
13038 1
13039 13
13040 1
13041 1
13042 13
13043 1
13044 1
13045 1
13047 1
13048 1
13049 1
13050 1
13051 1
13052 1
13053 1
13054 1
13056 1
13058 1
13059 1
13060 1
13061 1
13062 1
13063 1
13064 1
13065 1
13067 5
13068 1
13069 1
13070 1
13071 1
13072 1
13073 1
13074 1
13075 1
13076 1
13078 1
13079 1
13080 1
13081 1
13082 1
13083 1
13084 1
13085 1
13086 1
13087 1
13088 1
13089 1
13090 1
13091 1
13093 1
13094 1
13095 13
13096 1
13097 1
13098 1
13099 1
17000 0
17001 3
17002 34
17003 11
17004 19
17005 34
17007 19
17008 9
17009 11
17010 11
17012 23
17013 34
17014 34
17015 17
17019 10
17020 21
17021 34
17022 34
17023 11
17024 19
17025 34
17026 11
17027 34
17028 17
17029 34
17030 0
17031 32
17033 0
17034 34
17035 34
17036 17
17037 34
17038 7
17042 11
17043 34
17044 14
17045 14
17046 0
17047 17
17048 16
17049 0
17050 16
17051 17
17052 0
17053 0
17054 0
17055 14
17056 11
17057 30
17058 0
17059 0
17060 29
17061 14
17062 2
17063 0
17064 10
17065 0
17066 0
17067 29
17068 7
17069 11
17070 29
17071 30
17072 34
17073 21
17074 0
17075 0
17076 2
17077 34
17078 34
17079 30
17080 0
17081 34
17082 21
17083 14
17084 14
17085 0
17086 21
17087 11
17088 1
17089 0
17090 17
17091 0
17092 11
17093 17
17095 2
17096 11
17097 11
17098 21
17099 11
20000 2
20001 12
20002 23
20003 23
20005 0
20006 0
20007 0
20008 0
20009 23
20010 23
20011 23
20012 5
20013 21
20014 0
20015 23
20016 17
20018 23
20019 17
20021 0
20022 10
20023 0
20025 17
20026 0
20027 17
20028 17
20029 21
20031 10
20032 0
20033 0
20034 21
20035 17
20036 3
20037 12
20038 3
20039 13
20040 0
20041 21
20042 0
20043 3
20044 21
20045 34
20046 13
20047 21
20048 0
20049 3
20050 21
20051 21
20052 0
20053 21
20054 21
20055 11
20056 0
20057 0
20058 13
20059 13
20060 0
20061 0
20063 13
20064 21
20065 0
20066 0
20067 0
20068 34
20069 23
20070 23
20071 1
20072 21
20073 0
20074 0
20075 0
20076 0
20077 17
20079 0
20080 21
20081 17
20082 13
20083 21
20084 21
20085 21
20086 21
20087 21
20088 14
20089 21
20090 21
20091 21
20092 13
20093 0
20094 0
20098 21
20099 21
21000 8
21001 8
21002 8
21005 8
21006 8
21007 8
21008 8
21009 8
21010 8
21011 8
21012 8
21013 8
21014 8
21015 8
21018 8
21019 8
21020 8
21021 8
21022 8
21023 8
21024 8
21025 8
21026 8
21027 8
21028 8
21029 8
21030 8
21031 8
21033 8
21035 8
21037 8
21038 8
21039 8
21040 8
21041 8
21042 8
21043 8
21044 8
21045 8
21046 8
21047 8
21048 8
21049 8
21050 8
21051 8
21052 8
21053 8
21054 8
21055 8
21056 8
21057 8
21058 8
21059 8
21060 8
21061 8
21062 8
21063 8
21064 8
21065 8
21066 8
21067 8
21068 8
21069 8
21070 8
21071 8
21073 8
21074 8
21075 8
21076 8
21077 8
21078 8
21079 8
21080 8
21081 8
21082 8
21083 8
21084 8
21085 8
21086 8
21087 8
21089 8
21090 8
21091 8
21092 8
21093 8
21094 8
21095 8
21096 8
21098 8
21099 8
22000 28
22001 28
22002 0
22003 28
22005 28
22006 28
22007 28
22008 28
22009 28
22010 28
22011 8
22015 28
22016 28
22017 28
22018 28
22019 28
22020 28
22021 28
22022 19
22024 28
22025 28
22026 28
22027 28
22028 0
22029 28
22030 0
22031 28
22033 28
22034 19
22035 8
22036 0
22037 28
22038 28
22039 28
22041 17
22042 28
22043 24
22044 0
22045 34
22046 10
22047 34
22048 26
22049 28
22050 28
22051 28
22052 28
22053 17
22054 0
22055 28
22056 28
22057 28
22058 28
22059 28
22060 28
22061 28
22062 28
22064 19
22065 25
22066 28
22067 28
22068 28
22069 28
22070 11
22071 0
22072 34
22073 28
22074 19
22075 28
22076 28
22077 28
22078 28
22079 28
22081 28
22082 19
22083 28
22084 8
22085 28
22086 28
22087 10
22088 28
22089 28
22090 28
22091 28
22092 28
22093 19
22094 19
22095 28
22096 23
22097 34
22098 28
22099 28
33000 21
33001 21
33003 21
33004 21
33005 21
33006 21
33007 21
33008 21
33010 21
33011 21
33012 21
33013 21
33014 21
33015 7
33016 21
33017 21
33018 21
33019 21
33021 21
33022 21
33023 21
33024 21
33026 21
33027 21
33028 21
33029 21
33030 21
33031 21
33032 21
33033 3
33034 3
33035 21
33036 21
33037 21
33038 21
33039 21
33041 21
33042 21
33043 21
33044 21
33045 21
33046 21
33047 21
33048 21
33049 34
33050 21
33051 21
33052 21
33053 21
33054 21
33055 10
33056 21
33057 21
33058 21
33059 10
33060 21
33061 21
33062 21
33063 21
33064 21
33066 17
33067 21
33068 21
33069 21
33070 21
33071 21
33073 21
33074 21
33075 21
33076 21
33079 21
33080 21
33081 21
33082 21
33083 21
33084 21
33085 21
33086 21
33087 21
33088 21
33089 21
33090 21
33091 21
33092 21
33093 21
33094 21
33095 21
33096 21
33098 17
33099 21
34000 31
34001 31
34002 31
34003 31
34004 31
34005 31
34006 31
34007 31
34008 31
34009 31
34011 31
34012 31
34013 31
34014 31
34015 31
34016 31
34017 31
34018 31
34019 31
34020 31
34021 31
34022 31
34023 31
34024 31
34025 31
34026 31
34027 31
34028 31
34029 31
34030 31
34032 31
34033 31
34034 31
34035 31
34037 31
34038 31
34039 31
34040 31
34041 31
34042 31
34044 31
34045 31
34046 31
34047 31
34048 31
34050 31
34051 31
34052 31
34053 31
34054 31
34055 31
34056 31
34057 31
34058 31
34059 31
34060 31
34061 31
34062 31
34063 31
34064 31
34067 31
34068 31
34069 31
34070 0
34071 31
34072 31
34073 31
34074 31
34075 31
34076 31
34077 31
34078 31
34079 31
34080 31
34081 31
34083 31
34084 31
34085 31
34086 31
34087 31
34088 31
34089 31
34090 31
34091 31
34092 31
34093 31
34095 31
34096 31
34098 31
34099 0
41000 2
41001 14
41002 14
41004 2
41006 2
41007 14
41008 18
41009 2
41011 14
41012 14
41013 14
41014 4
41015 33
41016 14
41017 14
41018 5
41019 2
41020 2
41021 34
41022 2
41023 5
41024 0
41025 15
41026 0
41027 5
41029 0
41030 33
41031 17
41032 0
41033 15
41035 32
41036 0
41037 2
41038 2
41039 33
41040 5
41041 16
41043 0
41044 32
41045 33
41046 18
41047 16
41048 0
41049 2
41050 5
41051 34
41052 5
41053 33
41054 5
41055 5
41056 33
41057 2
41058 0
41059 16
41060 4
41061 33
41062 16
41063 0
41064 33
41065 0
41066 14
41067 2
41068 0
41069 17
41070 7
41071 2
41072 33
41074 30
41075 0
41076 30
41077 5
41078 5
41079 5
41080 0
41081 0
41083 32
41084 33
41086 6
41088 33
41089 33
41090 18
41091 26
41092 0
41093 0
41094 13
41095 0
41096 0
41097 0
41098 15
41099 15
46000 23
46001 23
46002 23
46003 1
46004 23
46005 23
46006 23
46008 22
46009 32
46010 22
46011 23
46012 22
46013 22
46014 23
46015 23
46016 22
46017 22
46018 22
46019 23
46020 22
46022 22
46023 0
46024 32
46025 22
46026 22
46027 2
46028 32
46029 22
46030 22
46031 34
46032 12
46033 22
46034 22
46036 0
46037 1
46038 22
46039 30
46040 22
46041 14
46042 0
46043 22
46044 11
46045 0
46046 22
46047 22
46048 30
46049 0
46050 22
46051 22
46052 17
46053 13
46054 22
46055 0
46056 25
46057 7
46058 30
46059 34
46060 22
46061 11
46062 30
46063 22
46064 22
46065 2
46067 19
46068 22
46069 22
46070 0
46071 19
46075 17
46076 22
46077 4
46078 34
46079 22
46080 32
46081 0
46082 0
46083 33
46084 22
46085 0
46086 2
46087 0
46088 22
46090 19
46091 23
46092 1
46094 9
46095 19
46097 13
46098 23
46099 0
100000 5
100001 5
100003 5
100004 5
100005 5
100006 5
100007 5
100008 5
100009 5
100010 5
100011 5
100012 5
100013 5
100014 5
100015 5
100016 5
100017 5
100018 5
100019 5
100020 5
100021 5
100022 5
100023 5
100024 5
100025 5
100026 5
100027 5
100028 5
100029 5
100032 5
100033 5
100034 5
100035 26
100036 5
100037 0
100038 5
100039 18
100040 5
100041 12
100042 1
100043 1
100044 12
100045 2
100046 5
100047 2
100048 12
100049 26
100050 5
100051 1
100052 5
100054 5
100055 0
100056 5
100057 0
100058 5
100059 5
100060 5
100061 5
100063 5
100064 5
100065 26
100066 18
100069 5
100070 5
100071 5
100072 5
100073 5
100074 5
100075 5
100076 5
100078 5
100079 12
100080 5
100081 5
100082 5
100083 5
100084 5
100085 5
100086 2
100088 12
100089 5
100090 5
100091 5
100093 22
100094 5
100095 5
100096 22
100097 5
100098 5
100099 12
101000 23
101001 22
101003 0
101005 22
101006 22
101008 22
101009 30
101010 22
101011 22
101012 22
101013 22
101014 29
101015 22
101016 22
101017 19
101018 22
101019 20
101020 22
101021 22
101023 27
101024 4
101025 27
101026 13
101027 27
101028 27
101029 27
101030 20
101031 20
101032 22
101033 0
101034 12
101035 34
101036 22
101037 22
101038 22
101039 17
101040 22
101041 22
101042 17
101043 17
101044 26
101046 17
101047 17
101048 29
101049 29
101052 22
101053 19
101054 22
101055 22
101056 22
101057 17
101059 22
101060 22
101061 22
101062 10
101063 34
101064 22
101065 19
101066 22
101068 17
101069 17
101071 10
101072 10
101073 30
101074 0
101075 12
101076 10
101077 27
101078 0
101079 0
101080 22
101081 11
101082 14
101083 14
101084 13
101085 23
101086 0
101087 20
101088 14
101089 14
101090 19
101091 22
101092 32
101093 10
101094 32
101095 34
101096 22
101097 0
101098 17
101099 0
102000 17
102001 11
102003 11
102004 11
102005 0
102006 11
102007 23
102008 7
102010 1
102011 16
102012 0
102013 0
102014 11
102015 24
102016 17
102017 0
102018 30
102019 1
102021 34
102022 0
102023 22
102024 16
102025 11
102026 11
102027 22
102028 11
102029 22
102031 32
102032 14
102033 0
102034 20
102035 11
102036 8
102037 34
102038 23
102039 11
102040 34
102041 23
102042 16
102044 0
102046 0
102047 1
102048 22
102049 34
102050 1
102051 0
102052 1
102053 0
102054 29
102055 26
102056 0
102057 1
102058 0
102059 1
102060 1
102061 26
102062 23
102063 23
102064 12
102065 0
102066 10
102067 16
102069 1
102070 22
102071 32
102072 34
102073 34
102074 3
102075 23
102076 12
102077 19
102078 0
102081 11
102083 0
102084 0
102085 7
102086 34
102087 10
102088 0
102089 22
102090 0
102091 19
102092 11
102093 1
102094 8
102095 22
102096 34
102097 11
102098 10
102099 1
103000 33
103001 0
103002 32
103003 13
103004 13
103005 32
103006 32
103007 32
103008 32
103009 33
103010 32
103011 0
103012 7
103013 0
103014 33
103015 34
103016 4
103017 4
103018 0
103019 0
103020 4
103021 4
103022 4
103023 0
103024 0
103025 0
103026 16
103027 4
103028 4
103029 4
103030 0
103031 4
103032 4
103033 4
103035 4
103036 4
103037 4
103038 34
103039 32
103040 4
103041 4
103042 4
103043 4
103044 4
103045 4
103046 4
103047 4
103049 32
103050 34
103051 32
103052 32
103053 34
103054 4
103055 4
103056 4
103058 0
103059 4
103061 4
103063 4
103064 4
103065 4
103066 4
103068 4
103070 4
103071 4
103072 4
103073 4
103074 4
103075 0
103076 34
103077 34
103078 34
103079 34
103080 32
103081 32
103082 0
103083 0
103085 32
103087 0
103089 0
103090 0
103091 32
103092 32
103093 32
103094 32
103095 4
103096 4
103097 4
103098 4
103099 4
104000 14
104001 14
104002 14
104003 14
104004 14
104005 2
104006 14
104007 14
104008 14
104009 26
104010 14
104011 14
104012 14
104013 14
104015 14
104016 14
104017 14
104018 14
104019 14
104020 12
104021 14
104022 14
104023 14
104024 14
104025 14
104027 2
104028 14
104029 14
104030 12
104031 14
104033 14
104034 2
104035 14
104036 14
104037 14
104038 14
104039 14
104040 14
104041 14
104043 14
104044 5
104045 2
104046 12
104047 0
104048 12
104049 12
104050 2
104051 10
104053 12
104054 0
104055 12
104056 5
104057 16
104058 16
104060 0
104062 18
104063 14
104064 24
104065 2
104066 16
104067 0
104068 16
104069 0
104070 0
104071 12
104073 0
104074 2
104075 16
104076 11
104077 16
104078 12
104079 16
104080 0
104081 0
104083 11
104084 2
104085 2
104086 0
104087 33
104088 2
104089 10
104090 16
104091 0
104092 30
104093 0
104094 2
104095 0
104096 12
104098 0
104099 5
108000 6
108001 6
108002 6
108003 6
108004 6
108005 6
108006 6
108008 6
108009 6
108010 6
108011 6
108012 6
108013 6
108014 6
108015 6
108016 6
108017 6
108018 6
108020 6
108021 6
108022 6
108023 6
108024 6
108025 6
108026 6
108028 6
108029 6
108031 6
108032 6
108033 6
108034 6
108035 6
108036 6
108038 6
108039 6
108040 6
108041 6
108042 6
108043 6
108044 6
108045 6
108046 6
108047 6
108048 6
108050 6
108051 6
108052 6
108053 6
108054 6
108055 6
108056 6
108057 6
108058 6
108059 6
108060 6
108061 6
108063 6
108064 6
108065 6
108066 6
108067 6
108068 6
108069 6
108070 6
108071 6
108072 6
108073 6
108074 6
108076 6
108077 6
108078 6
108079 6
108080 6
108081 6
108082 6
108083 6
108084 6
108085 6
108086 6
108087 6
108088 6
108089 6
108090 6
108091 6
108092 6
108093 6
108095 6
108096 6
108097 6
108099 6
109000 5
109001 30
109002 30
109003 5
109004 33
109005 30
109006 30
109007 5
109008 12
109009 5
109010 30
109013 30
109014 30
109016 5
109017 30
109018 30
109019 30
109020 33
109021 30
109022 0
109023 12
109024 30
109025 30
109026 30
109027 30
109028 30
109029 30
109030 7
109031 7
109032 30
109033 7
109034 30
109035 7
109036 30
109037 7
109038 30
109039 29
109040 5
109041 0
109042 0
109043 17
109044 7
109045 12
109046 12
109047 33
109048 5
109049 33
109050 16
109051 5
109052 0
109053 0
109054 12
109055 18
109056 33
109057 0
109058 18
109059 5
109060 0
109061 5
109062 5
109063 33
109064 12
109066 0
109067 14
109068 5
109069 26
109070 5
109072 5
109073 5
109074 30
109075 12
109077 5
109078 5
109079 5
109081 33
109083 5
109084 30
109085 12
109086 30
109087 5
109088 30
109089 30
109092 5
109093 12
109094 33
109095 30
109096 30
109097 30
109098 30
109099 30
113000 9
113002 9
113003 2
113004 9
113005 9
113006 9
113008 9
113009 9
113010 9
113011 9
113012 9
113013 9
113014 9
113015 9
113016 9
113017 9
113018 9
113019 9
113020 2
113021 9
113022 9
113023 9
113024 9
113025 2
113026 9
113027 9
113028 9
113030 9
113031 9
113032 2
113033 9
113034 9
113035 9
113036 9
113037 9
113038 2
113039 9
113040 2
113041 9
113042 9
113043 9
113044 9
113045 9
113047 1
113049 9
113050 9
113051 9
113052 9
113053 9
113054 9
113055 9
113056 9
113058 9
113059 9
113060 9
113061 9
113062 9
113063 9
113064 9
113065 9
113066 9
113068 9
113069 9
113070 9
113071 2
113072 9
113073 9
113074 9
113075 9
113076 9
113077 9
113078 9
113079 9
113080 9
113082 9
113083 9
113084 2
113085 9
113086 9
113087 9
113088 9
113089 9
113090 9
113092 9
113093 9
113094 9
113095 9
113096 9
113097 9
113099 9
118000 34
118001 34
118002 34
118003 34
118005 0
118006 34
118007 29
118009 34
118010 34
118011 17
118012 34
118013 34
118014 34
118015 19
118016 19
118017 19
118018 34
118019 19
118020 34
118022 34
118023 11
118024 11
118025 11
118026 11
118028 34
118029 34
118030 34
118031 34
118032 34
118034 34
118035 0
118036 29
118037 34
118038 14
118039 16
118040 16
118042 34
118043 23
118044 32
118045 11
118046 11
118047 29
118048 23
118049 29
118050 10
118051 19
118052 19
118053 19
118054 19
118055 19
118056 0
118057 16
118058 34
118059 34
118060 34
118061 34
118062 11
118063 21
118064 34
118066 34
118067 19
118068 11
118069 23
118070 11
118071 7
118072 21
118073 16
118075 16
118076 7
118077 34
118078 34
118079 16
118080 16
118081 0
118082 11
118084 29
118085 29
118087 16
118088 19
118089 32
118090 10
118091 7
118092 19
118093 23
118094 34
118095 11
118096 1
118097 29
118098 0
118099 17
119000 23
119001 23
119002 23
119003 11
119004 11
119005 11
119006 1
119007 16
119008 16
119009 16
119010 16
119011 16
119012 23
119013 11
119014 11
119015 11
119016 11
119017 16
119018 23
119019 21
119020 13
119021 11
119022 13
119024 11
119025 11
119026 11
119027 11
119028 11
119029 11
119030 23
119031 11
119032 11
119033 23
119034 11
119035 11
119037 0
119038 11
119039 11
119040 11
119041 11
119042 11
119043 11
119044 11
119046 11
119048 11
119049 11
119050 11
119051 11
119053 11
119054 11
119055 0
119056 11
119057 11
119058 11
119059 0
119060 11
119061 11
119062 11
119063 11
119065 11
119066 11
119067 11
119068 11
119069 11
119070 11
119071 11
119072 11
119073 11
119074 11
119075 11
119076 11
119077 11
119078 11
119079 11
119080 11
119081 7
119082 23
119083 11
119085 11
119086 11
119087 23
119089 11
119091 11
119092 11
119093 11
119094 1
119095 1
119096 11
119097 11
119099 11
120000 23
120001 0
120004 13
120005 7
120006 13
120007 13
120008 0
120009 33
120010 23
120011 23
120012 23
120013 23
120015 19
120016 19
120017 19
120018 19
120020 19
120021 19
120022 19
120023 19
120024 19
120026 19
120027 19
120028 19
120029 19
120030 19
120031 19
120032 19
120033 19
120034 19
120035 11
120036 11
120037 0
120038 23
120039 11
120040 13
120041 23
120042 0
120043 16
120044 16
120045 16
120046 0
120047 16
120048 0
120049 16
120052 11
120053 11
120054 19
120055 19
120056 11
120057 11
120058 11
120059 11
120060 16
120061 11
120062 11
120063 8
120064 11
120065 23
120066 11
120067 11
120068 11
120069 11
120071 19
120072 19
120073 19
120074 11
120075 19
120076 19
120077 26
120078 26
120079 16
120080 4
120081 16
120082 16
120083 11
120084 23
120085 0
120087 16
120088 11
120089 10
120090 0
120091 0
120093 11
120094 19
120095 17
120096 1
120097 23
120098 1
120099 19
121000 7
121001 11
121002 11
121003 0
121004 21
121005 0
121006 21
121007 17
121008 1
121009 1
121010 17
121011 21
121012 1
121014 12
121016 21
121017 21
121018 0
121019 0
121020 1
121021 0
121022 21
121023 21
121024 16
121025 23
121026 21
121027 1
121028 23
121029 26
121030 21
121031 0
121032 32
121034 0
121035 11
121036 1
121037 1
121038 0
121040 1
121041 11
121042 11
121044 11
121045 11
121046 11
121048 17
121049 11
121050 21
121051 7
121052 0
121054 11
121055 19
121056 0
121057 11
121058 11
121059 19
121061 11
121062 11
121063 19
121064 19
121065 11
121066 11
121067 19
121068 19
121069 11
121070 11
121071 11
121072 19
121074 3
121075 29
121076 3
121077 1
121078 11
121079 21
121080 23
121081 7
121082 29
121083 29
121084 21
121085 23
121086 23
121087 23
121088 7
121089 11
121091 17
121092 7
121093 21
121095 0
121096 29
121097 16
121098 11
121099 11
122000 17
122001 11
122002 24
122003 32
122004 24
122005 8
122006 11
122007 3
122008 11
122009 3
122010 3
122011 3
122012 23
122013 23
122014 3
122015 0
122016 11
122017 11
122018 23
122019 11
122020 0
122021 21
122022 0
122023 23
122026 23
122027 23
122028 23
122030 1
122031 11
122032 30
122033 28
122034 3
122036 23
122037 23
122038 3
122039 0
122040 0
122041 11
122042 17
122043 0
122044 11
122045 23
122046 16
122047 16
122048 16
122049 16
122050 16
122051 12
122052 3
122053 0
122054 0
122055 2
122056 3
122057 7
122058 11
122059 19
122060 20
122061 24
122064 3
122065 22
122068 21
122069 7
122070 7
122071 0
122072 34
122073 0
122074 11
122075 11
122076 3
122077 1
122078 29
122079 12
122080 23
122081 0
122082 26
122083 0
122084 3
122085 1
122086 0
122088 21
122089 0
122090 23
122091 34
122092 21
122093 3
122094 32
122095 8
122096 32
122097 3
122099 3
130000 32
130001 32
130002 33
130004 7
130005 0
130006 0
130007 7
130008 7
130009 7
130010 29
130011 12
130012 0
130013 33
130014 0
130015 30
130016 0
130017 30
130018 16
130019 16
130020 31
130021 16
130022 16
130023 7
130024 7
130025 2
130026 34
130027 26
130028 34
130029 34
130030 26
130031 7
130032 16
130033 7
130035 7
130036 7
130037 30
130038 16
130040 34
130041 34
130042 26
130043 16
130044 16
130045 0
130046 30
130047 0
130048 30
130049 34
130050 31
130052 30
130053 31
130054 16
130055 7
130056 30
130057 0
130058 0
130059 34
130060 30
130061 30
130063 34
130064 16
130065 16
130066 30
130067 30
130068 16
130070 30
130071 34
130072 34
130073 34
130074 7
130075 7
130077 7
130078 7
130080 34
130081 7
130082 7
130083 7
130084 7
130085 34
130086 31
130087 0
130088 31
130090 31
130092 7
130093 34
130094 29
130095 7
130096 30
130097 0
130098 30
130099 0
131000 1
131001 1
131002 13
131005 0
131006 21
131007 1
131009 1
131010 13
131011 14
131012 14
131015 14
131016 1
131017 1
131018 34
131020 1
131021 1
131022 0
131023 14
131024 1
131025 14
131026 1
131028 1
131029 1
131030 1
131031 1
131032 1
131033 1
131034 1
131035 1
131036 1
131037 1
131038 0
131039 1
131040 1
131041 4
131042 14
131043 1
131044 1
131045 1
131046 1
131047 1
131048 1
131049 1
131050 1
131051 0
131052 1
131054 1
131055 1
131056 1
131057 1
131058 1
131059 1
131060 1
131061 1
131062 1
131063 14
131064 1
131065 1
131066 1
131067 1
131068 13
131069 1
131070 1
131071 14
131072 1
131074 1
131075 1
131076 14
131077 1
131078 1
131079 1
131080 1
131081 1
131082 1
131083 1
131084 13
131086 1
131087 1
131088 1
131089 1
131090 1
131091 1
131092 1
131093 1
131094 1
131095 1
131096 1
131097 1
131098 1
131099 1
140000 23
140001 11
140003 19
140004 3
140005 1
140006 23
140007 34
140008 11
140009 29
140010 34
140011 23
140012 14
140013 8
140014 28
140015 29
140017 14
140018 23
140019 0
140020 0
140021 11
140022 23
140023 11
140024 17
140025 0
140027 1
140029 13
140030 11
140031 14
140032 11
140033 11
140035 14
140036 14
140038 1
140039 3
140040 26
140041 1
140042 19
140043 0
140044 1
140045 23
140046 34
140047 1
140048 26
140049 19
140050 1
140051 23
140052 11
140053 11
140054 0
140055 1
140056 11
140058 34
140059 2
140061 14
140062 11
140063 22
140064 19
140065 13
140066 26
140067 14
140068 19
140069 23
140070 0
140071 1
140072 14
140073 13
140074 11
140075 16
140076 0
140077 34
140078 0
140079 1
140080 19
140081 23
140082 1
140083 34
140084 34
140085 23
140086 1
140088 19
140090 11
140091 0
140092 3
140093 11
140094 14
140095 13
140096 0
140097 0
140098 0
140099 34
142000 7
142001 23
142002 11
142003 23
142004 11
142005 16
142006 11
142007 11
142008 11
142009 11
142010 0
142011 1
142012 11
142013 11
142014 0
142015 10
142016 17
142017 17
142018 11
142019 11
142020 28
142022 23
142023 3
142024 23
142025 23
142026 11
142027 11
142028 23
142029 1
142030 13
142031 17
142032 3
142033 10
142034 10
142035 23
142036 10
142037 10
142038 10
142039 2
142040 30
142041 2
142042 10
142043 34
142044 10
142045 10
142046 10
142047 10
142050 21
142051 10
142052 10
142053 10
142054 10
142055 10
142056 10
142059 21
142060 10
142061 16
142062 21
142063 13
142064 10
142065 19
142066 17
142069 0
142070 33
142071 13
142072 23
142073 10
142074 11
142075 22
142076 11
142079 10
142081 10
142082 10
142083 0
142084 10
142085 32
142086 28
142087 1
142088 29
142089 19
142090 20
142091 7
142092 10
142093 10
142094 10
142095 19
142096 10
142097 15
142098 3
142099 10
143000 15
143001 15
143002 15
143003 15
143004 15
143005 15
143006 10
143007 15
143008 10
143009 10
143010 10
143011 10
143012 10
143013 15
143014 10
143015 10
143016 10
143017 10
143018 10
143019 10
143020 10
143021 10
143022 30
143023 15
143024 10
143025 33
143026 10
143027 0
143028 10
143029 10
143030 15
143031 15
143032 10
143033 15
143034 15
143035 15
143036 10
143037 15
143038 15
143039 13
143040 10
143041 10
143042 10
143044 10
143045 17
143046 15
143047 15
143048 1
143050 15
143052 10
143053 10
143054 10
143055 32
143056 10
143057 15
143058 13
143059 15
143060 15
143062 15
143063 10
143064 10
143065 15
143066 10
143067 10
143068 10
143069 10
143070 15
143071 12
143072 15
143074 10
143075 15
143077 10
143079 10
143080 10
143081 10
143082 10
143083 10
143084 10
143085 29
143087 10
143088 26
143089 10
143090 26
143091 29
143092 0
143094 10
143095 10
143096 15
143097 15
143098 10
144000 32
144001 32
144002 29
144003 32
144004 17
144005 32
144006 32
144007 32
144008 29
144009 32
144010 17
144012 32
144013 32
144016 32
144017 32
144019 19
144020 0
144022 0
144024 17
144025 32
144026 32
144027 32
144028 22
144030 22
144031 29
144032 12
144033 22
144034 22
144035 17
144036 32
144037 32
144038 22
144039 32
144040 13
144041 32
144042 22
144043 26
144044 32
144045 32
144047 32
144048 26
144049 19
144050 29
144051 32
144052 22
144053 32
144054 32
144055 22
144056 32
144057 15
144058 0
144059 22
144060 29
144061 19
144062 32
144063 32
144064 29
144065 12
144066 32
144067 32
144068 22
144069 1
144070 32
144071 12
144072 32
144073 15
144074 15
144075 16
144076 32
144077 32
144078 32
144080 12
144081 32
144082 32
144083 32
144084 22
144085 32
144086 32
144087 32
144088 32
144089 32
144090 12
144092 32
144093 32
144094 22
144095 32
144096 0
144097 32
144098 32
144099 32
147000 17
147001 17
147002 17
147003 17
147004 17
147005 17
147006 7
147007 21
147008 17
147009 7
147010 0
147011 21
147012 11
147013 19
147014 19
147015 19
147016 19
147017 19
147018 20
147020 34
147021 20
147022 19
147023 19
147024 19
147025 20
147026 0
147027 0
147028 17
147029 0
147030 0
147031 23
147032 23
147033 23
147034 23
147035 11
147036 23
147038 7
147039 23
147040 23
147041 11
147042 11
147043 11
147044 11
147045 7
147046 7
147047 0
147048 20
147049 1
147050 34
147051 19
147052 19
147053 19
147054 7
147055 23
147056 7
147058 11
147059 7
147060 16
147061 32
147062 34
147063 23
147065 12
147068 11
147069 13
147070 16
147071 13
147072 16
147073 23
147074 19
147075 29
147076 23
147077 23
147078 23
147080 23
147081 23
147082 12
147084 7
147085 7
147087 23
147088 19
147089 29
147090 29
147091 0
147092 14
147093 18
147094 19
147095 0
147096 19
147097 23
147099 22
148000 11
148002 11
148003 11
148004 11
148005 11
148006 11
148007 11
148008 24
148009 11
148010 7
148011 11
148012 11
148013 11
148014 7
148015 11
148016 26
148017 23
148019 11
148020 17
148021 17
148023 17
148024 11
148025 17
148026 11
148027 1
148028 11
148029 11
148030 11
148031 24
148032 11
148033 11
148034 11
148035 11
148036 1
148037 26
148038 11
148040 28
148041 7
148042 14
148043 11
148044 1
148046 24
148047 23
148048 26
148050 11
148051 1
148053 11
148054 23
148055 11
148056 23
148057 23
148058 11
148059 11
148060 2
148062 11
148063 17
148064 11
148065 0
148066 23
148067 11
148068 11
148069 26
148070 11
148071 17
148072 11
148073 11
148074 16
148075 24
148076 0
148078 12
148080 0
148081 1
148082 11
148083 11
148084 11
148085 11
148086 11
148087 7
148088 11
148089 11
148090 11
148091 26
148092 7
148093 19
148094 11
148095 26
148096 11
148097 24
148098 11
148099 12
152000 13
152001 13
152003 13
152004 13
152005 13
152006 13
152007 1
152008 1
152009 13
152010 13
152011 13
152012 13
152013 13
152014 13
152015 13
152016 13
152017 13
152018 13
152019 13
152020 13
152021 13
152022 13
152023 13
152025 13
152026 4
152027 13
152028 13
152029 13
152030 13
152033 13
152034 13
152035 13
152036 13
152037 13
152038 13
152039 13
152040 13
152041 13
152043 13
152044 13
152045 13
152046 13
152047 13
152048 13
152049 13
152050 13
152051 13
152052 13
152053 13
152054 13
152056 13
152057 13
152058 13
152060 13
152061 13
152062 13
152063 13
152064 13
152065 13
152067 13
152069 13
152070 13
152071 13
152072 13
152073 13
152074 13
152075 13
152076 13
152077 13
152078 13
152079 13
152080 13
152081 13
152082 13
152083 13
152084 13
152085 13
152086 13
152087 13
152088 13
152089 13
152090 13
152091 13
152092 13
152093 13
152095 13
152096 13
152097 13
152098 4
152099 13
153000 20
153001 20
153002 20
153003 20
153004 20
153005 20
153006 20
153007 20
153008 20
153009 20
153010 20
153011 23
153012 20
153014 20
153015 23
153016 20
153017 20
153019 20
153020 20
153021 20
153022 20
153023 20
153025 20
153026 20
153027 20
153028 20
153030 20
153031 20
153032 20
153033 20
153034 20
153036 20
153037 20
153038 20
153039 20
153040 20
153041 20
153042 20
153043 20
153044 20
153045 20
153046 20
153047 20
153050 20
153051 20
153052 20
153053 20
153054 20
153055 20
153058 20
153059 20
153060 20
153061 20
153062 20
153063 20
153064 20
153065 20
153066 20
153067 20
153068 20
153069 20
153070 20
153071 20
153072 20
153073 20
153074 20
153075 20
153076 20
153077 20
153078 20
153079 20
153080 20
153081 20
153082 20
153083 20
153084 20
153085 20
153086 20
153087 20
153088 20
153089 20
153090 20
153091 20
153092 20
153093 20
153094 20
153096 20
153097 20
153098 20
153099 20
161000 21
161001 21
161003 21
161004 21
161005 21
161006 7
161007 21
161008 21
161009 21
161010 21
161011 21
161012 7
161013 21
161014 21
161015 21
161016 21
161017 15
161018 21
161019 21
161021 21
161022 21
161023 21
161024 21
161025 21
161026 21
161027 21
161028 7
161029 21
161030 21
161031 21
161032 21
161033 21
161034 3
161035 21
161036 21
161037 21
161038 7
161039 7
161040 7
161041 21
161042 21
161043 21
161044 21
161045 7
161046 7
161047 21
161048 21
161049 21
161050 21
161051 21
161052 21
161054 7
161055 28
161056 7
161057 15
161058 21
161059 21
161060 28
161061 7
161062 15
161063 0
161064 21
161065 21
161066 21
161067 21
161068 21
161069 21
161070 30
161071 15
161072 21
161073 28
161074 21
161075 21
161076 21
161078 21
161080 21
161081 21
161083 21
161084 23
161085 21
161086 7
161087 21
161088 21
161089 21
161090 21
161093 21
161094 21
161096 7
161097 21
161098 21
161099 21
163000 4
163002 4
163003 4
163004 4
163005 4
163006 4
163007 4
163008 4
163009 4
163010 4
163011 4
163012 4
163013 4
163014 4
163015 4
163016 4
163017 4
163018 4
163019 4
163020 4
163022 4
163023 4
163024 4
163025 4
163026 4
163027 4
163028 4
163029 4
163030 4
163031 4
163032 4
163033 4
163034 4
163036 4
163037 4
163038 4
163039 4
163040 4
163041 4
163042 4
163043 4
163044 4
163045 4
163046 4
163047 4
163048 4
163049 4
163050 4
163051 4
163052 4
163053 4
163054 4
163055 4
163056 4
163057 4
163058 4
163059 4
163061 1
163063 1
163064 4
163065 4
163066 4
163067 4
163069 4
163071 4
163072 4
163073 4
163074 4
163075 4
163076 4
163077 4
163078 4
163079 4
163080 4
163081 4
163082 4
163083 4
163084 4
163085 4
163086 4
163087 4
163088 4
163089 4
163091 4
163092 4
163094 4
163095 4
163096 4
163097 4
163099 4
171000 24
171001 5
171002 24
171004 0
171005 24
171006 24
171007 24
171008 2
171009 24
171010 24
171011 24
171012 24
171013 24
171014 24
171015 24
171016 5
171017 24
171019 24
171020 2
171021 24
171022 24
171023 24
171024 24
171025 2
171026 24
171027 24
171028 24
171029 24
171030 14
171031 24
171032 24
171034 24
171035 24
171036 24
171037 24
171038 24
171039 24
171040 24
171043 24
171044 24
171045 0
171046 24
171047 0
171048 24
171049 24
171050 5
171052 24
171054 24
171055 24
171056 24
171057 5
171058 0
171059 24
171060 24
171061 24
171062 5
171063 5
171065 14
171066 24
171067 5
171068 0
171069 24
171070 24
171071 24
171072 24
171073 24
171075 24
171076 24
171077 5
171078 24
171079 24
171080 29
171081 5
171082 24
171083 24
171084 5
171085 18
171086 24
171087 24
171088 13
171089 24
171091 34
171092 2
171093 24
171094 0
171095 14
171096 24
171097 24
171098 21
171099 24
173000 0
173001 0
173002 0
173003 0
173004 5
173005 5
173006 5
173007 5
173008 5
173009 16
173010 16
173013 4
173014 4
173015 4
173016 4
173017 6
173018 18
173019 18
173020 6
173021 0
173022 32
173023 7
173024 7
173025 32
173026 32
173027 16
173028 5
173029 5
173032 34
173033 5
173035 32
173036 34
173037 34
173038 34
173039 10
173041 10
173042 0
173043 0
173044 16
173046 34
173047 33
173048 18
173049 18
173050 32
173051 5
173052 16
173053 34
173054 16
173055 2
173056 5
173057 24
173058 30
173059 5
173060 16
173062 32
173063 4
173064 4
173065 4
173066 4
173067 34
173068 34
173069 34
173071 4
173072 4
173073 5
173074 5
173075 30
173076 5
173077 14
173078 5
173079 5
173080 34
173081 34
173082 34
173083 5
173084 5
173085 5
173087 0
173088 30
173089 33
173090 5
173091 5
173092 32
173093 16
173094 32
173095 16
173096 16
173097 33
173098 32
173099 5
174000 14
174001 32
174003 14
174004 2
174006 11
174007 7
174008 0
174009 2
174010 11
174011 2
174012 13
174013 14
174014 1
174015 22
174016 32
174017 14
174018 34
174019 2
174020 14
174021 13
174022 2
174023 34
174024 2
174025 1
174028 16
174029 2
174030 11
174031 23
174032 11
174033 32
174034 11
174035 0
174036 2
174037 14
174038 2
174039 28
174040 2
174041 32
174042 19
174043 13
174044 2
174045 7
174046 2
174047 30
174048 2
174049 9
174050 4
174051 2
174052 30
174053 11
174054 2
174055 34
174056 10
174057 2
174059 10
174060 2
174061 0
174062 2
174063 2
174065 11
174066 7
174067 0
174068 14
174069 2
174070 11
174071 2
174072 10
174073 11
174074 11
174076 14
174077 2
174078 2
174079 2
174080 2
174082 7
174083 2
174085 2
174086 10
174087 2
174088 2
174089 0
174090 30
174091 11
174092 2
174093 2
174095 2
174096 11
174097 23
174098 0
174099 14
182000 25
182001 25
182002 25
182003 25
182004 25
182005 25
182006 25
182007 25
182008 25
182009 25
182010 25
182011 25
182012 25
182013 25
182014 25
182016 25
182018 25
182019 25
182020 25
182021 25
182023 25
182024 25
182025 25
182026 25
182027 25
182029 25
182030 25
182031 25
182033 10
182034 25
182035 25
182036 25
182037 25
182038 25
182039 25
182040 14
182041 25
182042 25
182043 25
182044 25
182045 25
182046 25
182047 25
182048 0
182049 25
182050 25
182051 25
182052 25
182053 25
182055 25
182056 25
182057 25
182058 25
182059 25
182060 25
182061 25
182062 25
182063 25
182064 25
182065 25
182067 25
182068 25
182069 25
182070 25
182071 10
182072 10
182073 25
182074 25
182075 25
182076 25
182077 25
182078 25
182079 25
182080 25
182081 25
182083 25
182084 25
182085 25
182086 11
182087 25
182088 25
182089 25
182090 25
182091 25
182092 25
182094 25
182096 25
182097 25
182098 25
182099 25
183000 0
183001 5
183002 5
183003 5
183004 5
183005 5
183007 5
183008 5
183009 5
183010 5
183011 5
183012 5
183013 5
183015 5
183016 5
183017 5
183018 5
183019 5
183020 5
183021 5
183023 5
183025 5
183026 5
183027 5
183028 5
183029 5
183030 5
183033 5
183034 5
183035 5
183036 5
183037 5
183038 5
183039 5
183040 5
183041 5
183042 5
183043 5
183044 5
183045 5
183046 5
183047 3
183048 5
183049 5
183050 5
183051 5
183052 5
183053 5
183054 5
183055 5
183056 5
183057 5
183058 5
183059 5
183060 5
183061 5
183062 5
183063 5
183064 5
183065 5
183068 5
183069 5
183070 5
183071 5
183073 5
183074 5
183075 5
183076 5
183077 5
183078 5
183079 5
183080 5
183081 5
183082 5
183083 5
183084 5
183085 5
183086 5
183087 5
183088 5
183089 5
183090 5
183091 5
183092 5
183093 5
183094 5
183096 5
183097 5
183098 5
183099 5
187000 2
187001 10
187002 23
187003 9
187004 0
187005 2
187006 13
187007 10
187009 11
187010 18
187011 21
187012 2
187015 11
187016 11
187018 10
187019 17
187020 23
187021 23
187022 10
187024 0
187025 34
187026 12
187027 11
187029 23
187030 10
187031 23
187032 17
187033 0
187034 20
187035 10
187036 3
187037 12
187038 2
187039 6
187040 12
187041 11
187042 11
187043 11
187044 11
187045 11
187046 11
187047 11
187048 11
187049 11
187050 3
187051 11
187052 7
187053 11
187054 10
187056 10
187057 10
187058 13
187059 11
187060 11
187061 12
187063 17
187064 13
187065 11
187066 11
187067 11
187068 21
187069 10
187070 0
187071 10
187073 3
187074 0
187075 11
187076 11
187077 32
187078 13
187079 2
187080 10
187081 17
187082 11
187083 23
187084 10
187085 2
187086 10
187087 23
187088 11
187089 7
187090 23
187092 11
187093 10
187094 20
187095 11
187096 3
187097 10
187098 5
187099 23
189000 23
189001 23
189002 23
189003 23
189004 23
189005 23
189006 13
189007 23
189008 13
189009 23
189010 23
189011 23
189012 23
189013 7
189014 23
189015 23
189016 23
189018 23
189019 11
189020 23
189021 21
189022 23
189023 23
189024 23
189025 23
189026 23
189027 13
189028 23
189029 23
189030 23
189031 23
189032 23
189033 23
189035 23
189036 23
189037 23
189038 23
189040 23
189041 13
189042 23
189043 23
189044 23
189045 23
189046 23
189047 23
189048 23
189049 23
189050 23
189051 23
189052 23
189053 23
189054 23
189055 23
189056 23
189057 23
189058 23
189060 23
189061 1
189062 23
189063 23
189064 23
189065 23
189066 23
189067 23
189068 23
189069 22
189070 23
189072 23
189074 34
189076 23
189077 23
189078 23
189079 23
189080 23
189081 20
189082 23
189083 23
189084 23
189085 23
189086 23
189087 23
189089 3
189090 23
189092 23
189093 23
189095 23
189096 23
189097 23
189098 23
189099 23
201000 34
201001 17
201002 11
201004 28
201005 19
201007 7
201008 17
201009 34
201010 0
201011 19
201012 19
201013 7
201014 21
201015 0
201017 19
201018 11
201020 19
201021 19
201022 33
201023 19
201024 7
201025 11
201026 7
201027 19
201028 34
201029 34
201030 0
201031 23
201032 21
201033 11
201034 25
201035 20
201036 0
201038 0
201039 20
201040 19
201041 0
201042 19
201043 34
201044 7
201045 0
201046 7
201047 11
201048 0
201049 21
201050 23
201051 23
201052 0
201053 0
201054 7
201055 0
201056 21
201057 7
201059 23
201060 23
201062 26
201063 23
201064 33
201065 3
201066 14
201067 23
201069 0
201070 16
201071 33
201072 23
201073 23
201074 23
201075 23
201076 23
201077 21
201078 0
201080 0
201081 29
201082 23
201083 0
201084 30
201085 0
201086 0
201087 1
201088 20
201089 0
201090 23
201091 23
201092 32
201093 17
201094 19
201095 19
201097 23
201098 7
201099 0
231001 12
231002 12
231004 19
231005 12
231006 12
231007 12
231008 12
231009 12
231011 12
231012 12
231013 1
231015 12
231016 12
231018 12
231019 12
231020 12
231021 12
231022 12
231023 12
231024 12
231026 12
231027 12
231028 12
231029 12
231030 12
231031 12
231032 12
231033 12
231034 12
231035 12
231036 12
231037 12
231038 12
231039 12
231041 12
231042 34
231043 12
231044 34
231045 22
231046 12
231047 12
231048 12
231049 12
231050 12
231051 12
231053 12
231054 19
231055 12
231056 12
231057 12
231058 11
231059 12
231060 12
231061 12
231062 12
231063 12
231064 12
231065 12
231066 12
231067 12
231068 12
231069 3
231070 12
231071 12
231072 12
231073 12
231074 12
231075 12
231076 24
231077 11
231078 12
231079 12
231080 12
231081 12
231082 12
231083 19
231084 34
231086 12
231087 21
231089 24
231090 11
231091 12
231092 9
231094 12
231095 14
231096 19
231097 12
231098 12
231099 12
276000 10
276001 0
276002 10
276003 10
276004 10
276005 10
276006 10
276008 0
276009 17
276010 26
276011 4
276012 10
276013 0
276014 0
276015 0
276016 0
276017 0
276018 33
276021 1
276022 0
276023 0
276024 0
276025 26
276026 0
276028 0
276030 0
276031 17
276032 0
276033 0
276034 17
276035 26
276036 0
276037 0
276038 0
276039 0
276040 17
276041 17
276042 0
276043 0
276044 18
276045 0
276046 14
276047 10
276049 0
276051 0
276052 0
276053 0
276054 17
276055 17
276056 17
276057 1
276058 26
276059 10
276060 10
276061 0
276062 17
276063 26
276064 1
276065 5
276066 17
276067 17
276068 17
276069 17
276070 0
276072 0
276073 10
276074 0
276075 26
276076 17
276077 0
276078 17
276079 0
276080 26
276081 0
276082 0
276083 0
276084 17
276085 10
276086 0
276088 17
276089 17
276090 17
276091 0
276092 0
276093 10
276094 0
276095 0
276096 0
276097 0
276098 0
296000 23
296001 29
296003 23
296004 30
296005 10
296006 4
296007 2
296008 0
296009 0
296010 0
296011 0
296012 7
296014 4
296015 14
296016 26
296018 3
296019 23
296020 14
296021 0
296022 3
296023 0
296025 0
296026 0
296027 4
296028 0
296029 7
296030 7
296031 34
296033 0
296034 0
296035 0
296036 4
296037 4
296039 7
296040 14
296041 23
296042 20
296043 16
296044 2
296045 0
296046 0
296047 16
296048 4
296049 23
296050 0
296051 30
296052 20
296053 23
296054 10
296055 0
296056 0
296057 30
296058 3
296059 34
296061 4
296062 7
296063 0
296064 2
296065 23
296066 11
296067 0
296068 34
296069 30
296071 16
296072 3
296073 10
296074 0
296075 0
296076 32
296077 0
296078 17
296079 23
296080 11
296081 0
296082 4
296083 10
296084 0
296085 0
296086 2
296087 0
296088 2
296090 14
296091 0
296093 0
296094 11
296095 34
296096 0
296097 26
296098 2
296099 13
335000 34
335001 34
335002 32
335003 33
335004 33
335005 32
335006 32
335007 32
335008 32
335009 32
335010 34
335011 0
335012 15
335013 34
335014 34
335015 26
335016 22
335017 0
335018 0
335019 0
335020 0
335021 10
335022 15
335023 15
335024 0
335025 12
335026 15
335028 0
335029 4
335030 34
335031 4
335032 4
335033 4
335034 0
335035 4
335036 4
335037 4
335038 32
335039 11
335040 4
335041 4
335042 4
335043 4
335044 33
335045 32
335046 32
335047 22
335048 19
335049 21
335050 7
335051 17
335052 10
335053 0
335054 15
335056 17
335057 17
335058 0
335059 0
335060 12
335061 22
335062 12
335063 12
335065 15
335068 15
335069 33
335070 15
335071 15
335073 15
335074 33
335075 33
335076 0
335077 15
335078 15
335079 15
335081 13
335083 0
335084 15
335086 33
335087 15
335088 32
335089 15
335090 15
335091 32
335092 26
335093 15
335094 0
335095 33
335096 15
335097 32
335099 15
384000 22
384002 22
384003 22
384004 22
384005 23
384006 22
384007 22
384009 22
384010 22
384011 22
384012 22
384013 22
384014 22
384015 22
384016 22
384018 22
384019 22
384020 22
384021 19
384024 22
384025 0
384026 22
384027 22
384028 22
384029 22
384030 22
384031 22
384032 0
384033 22
384034 22
384035 22
384036 22
384037 22
384038 22
384039 22
384040 22
384041 22
384042 0
384043 22
384044 22
384045 22
384046 22
384047 22
384048 22
384049 22
384050 19
384051 22
384053 22
384054 0
384055 22
384056 22
384057 34
384058 22
384059 22
384060 11
384061 22
384062 0
384063 22
384065 22
384066 22
384067 22
384069 22
384070 0
384071 22
384072 22
384074 22
384075 32
384076 32
384077 22
384078 22
384079 22
384080 22
384081 22
384082 22
384083 22
384084 22
384085 22
384086 22
384087 32
384088 32
384089 22
384090 22
384091 22
384092 22
384093 22
384094 34
384095 22
384097 22
384098 22
384099 22
