1000
1003
1004
1005
1006
1007
1008
1009
1010
1011
1012
1013
1014
1015
1016
1017
1018
1019
1020
1021
1022
1023
1025
1026
1027
1028
1030
1031
1032
1033
1034
1035
1036
1037
1038
1039
1040
1041
1042
1043
1044
1045
1046
1047
1048
1049
1050
1051
1052
1053
1054
1056
1057
1058
1059
1060
1062
1063
1064
1065
1066
1067
1068
1069
1070
1072
1073
1074
1075
1077
1078
1079
1080
1082
1083
1084
1085
1086
1087
1088
1089
1090
1091
1092
1093
1094
1095
1096
1097
1099
10000
10001
10002
10003
10004
10005
10006
10007
10008
10009
10010
10011
10012
10013
10014
10015
10016
10019
10020
10022
10023
10024
10025
10027
10028
10029
10030
10031
10032
10033
10034
10035
10036
10037
10038
10039
10040
10041
10042
10044
10045
10046
10047
10048
10049
10050
10051
10052
10053
10054
10055
10056
10057
10058
10059
10061
10062
10066
10067
10068
10069
10070
10071
10072
10073
10074
10076
10077
10078
10079
10080
10081
10082
10083
10084
10085
10086
10087
10088
10089
10090
10091
10092
10093
10094
10095
10096
10097
10098
10099
12000
12001
12002
12003
12004
12005
12006
12007
12008
12009
12010
12012
12013
12014
12015
12016
12017
12020
12021
12022
12023
12024
12025
12026
12027
12028
12029
12030
12031
12032
12033
12034
12035
12036
12037
12038
12039
12040
12042
12043
12044
12045
12046
12047
12048
12050
12051
12052
12053
12054
12056
12057
12058
12059
12060
12061
12062
12063
12065
12067
12068
12069
12070
12071
12072
12073
12074
12075
12076
12077
12078
12079
12080
12081
12082
12083
12084
12085
12086
12087
12088
12089
12090
12091
12092
12093
12094
12097
12098
12099
13000
13003
13004
13005
13006
13007
13008
13009
13010
13011
13013
13014
13015
13016
13017
13018
13019
13021
13022
13023
13024
13025
13026
13027
13028
13029
13030
13031
13032
13033
13034
13035
13036
13037
13038
13039
13040
13041
13042
13043
13044
13045
13047
13048
13049
13050
13051
13052
13053
13054
13056
13058
13059
13060
13061
13062
13063
13064
13065
13067
13068
13069
13070
13071
13072
13073
13074
13075
13076
13078
13079
13080
13081
13082
13083
13084
13085
13086
13087
13088
13089
13090
13091
13093
13094
13095
13096
13097
13098
13099
17000
17001
17002
17003
17004
17005
17007
17008
17009
17010
17012
17013
17014
17015
17019
17020
17021
17022
17023
17024
17025
17026
17027
17028
17029
17030
17031
17033
17034
17035
17036
17037
17038
17042
17043
17044
17045
17046
17047
17048
17049
17050
17051
17052
17053
17054
17055
17056
17057
17058
17059
17060
17061
17062
17063
17064
17065
17066
17067
17068
17069
17070
17071
17072
17073
17074
17075
17076
17077
17078
17079
17080
17081
17082
17083
17084
17085
17086
17087
17088
17089
17090
17091
17092
17093
17095
17096
17097
17098
17099
20000
20001
20002
20003
20005
20006
20007
20008
20009
20010
20011
20012
20013
20014
20015
20016
20018
20019
20021
20022
20023
20025
20026
20027
20028
20029
20031
20032
20033
20034
20035
20036
20037
20038
20039
20040
20041
20042
20043
20044
20045
20046
20047
20048
20049
20050
20051
20052
20053
20054
20055
20056
20057
20058
20059
20060
20061
20063
20064
20065
20066
20067
20068
20069
20070
20071
20072
20073
20074
20075
20076
20077
20079
20080
20081
20082
20083
20084
20085
20086
20087
20088
20089
20090
20091
20092
20093
20094
20098
20099
21000
21001
21002
21005
21006
21007
21008
21009
21010
21011
21012
21013
21014
21015
21018
21019
21020
21021
21022
21023
21024
21025
21026
21027
21028
21029
21030
21031
21033
21035
21037
21038
21039
21040
21041
21042
21043
21044
21045
21046
21047
21048
21049
21050
21051
21052
21053
21054
21055
21056
21057
21058
21059
21060
21061
21062
21063
21064
21065
21066
21067
21068
21069
21070
21071
21073
21074
21075
21076
21077
21078
21079
21080
21081
21082
21083
21084
21085
21086
21087
21089
21090
21091
21092
21093
21094
21095
21096
21098
21099
22000
22001
22002
22003
22005
22006
22007
22008
22009
22010
22011
22015
22016
22017
22018
22019
22020
22021
22022
22024
22025
22026
22027
22028
22029
22030
22031
22033
22034
22035
22036
22037
22038
22039
22041
22042
22043
22044
22045
22046
22047
22048
22049
22050
22051
22052
22053
22054
22055
22056
22057
22058
22059
22060
22061
22062
22064
22065
22066
22067
22068
22069
22070
22071
22072
22073
22074
22075
22076
22077
22078
22079
22081
22082
22083
22084
22085
22086
22087
22088
22089
22090
22091
22092
22093
22094
22095
22096
22097
22098
22099
33000
33001
33003
33004
33005
33006
33007
33008
33010
33011
33012
33013
33014
33015
33016
33017
33018
33019
33021
33022
33023
33024
33026
33027
33028
33029
33030
33031
33032
33033
33034
33035
33036
33037
33038
33039
33041
33042
33043
33044
33045
33046
33047
33048
33049
33050
33051
33052
33053
33054
33055
33056
33057
33058
33059
33060
33061
33062
33063
33064
33066
33067
33068
33069
33070
33071
33073
33074
33075
33076
33079
33080
33081
33082
33083
33084
33085
33086
33087
33088
33089
33090
33091
33092
33093
33094
33095
33096
33098
33099
34000
34001
34002
34003
34004
34005
34006
34007
34008
34009
34011
34012
34013
34014
34015
34016
34017
34018
34019
34020
34021
34022
34023
34024
34025
34026
34027
34028
34029
34030
34032
34033
34034
34035
34037
34038
34039
34040
34041
34042
34044
34045
34046
34047
34048
34050
34051
34052
34053
34054
34055
34056
34057
34058
34059
34060
34061
34062
34063
34064
34067
34068
34069
34070
34071
34072
34073
34074
34075
34076
34077
34078
34079
34080
34081
34083
34084
34085
34086
34087
34088
34089
34090
34091
34092
34093
34095
34096
34098
34099
41000
41001
41002
41004
41006
41007
41008
41009
41011
41012
41013
41014
41015
41016
41017
41018
41019
41020
41021
41022
41023
41024
41025
41026
41027
41029
41030
41031
41032
41033
41035
41036
41037
41038
41039
41040
41041
41043
41044
41045
41046
41047
41048
41049
41050
41051
41052
41053
41054
41055
41056
41057
41058
41059
41060
41061
41062
41063
41064
41065
41066
41067
41068
41069
41070
41071
41072
41074
41075
41076
41077
41078
41079
41080
41081
41083
41084
41086
41088
41089
41090
41091
41092
41093
41094
41095
41096
41097
41098
41099
46000
46001
46002
46003
46004
46005
46006
46008
46009
46010
46011
46012
46013
46014
46015
46016
46017
46018
46019
46020
46022
46023
46024
46025
46026
46027
46028
46029
46030
46031
46032
46033
46034
46036
46037
46038
46039
46040
46041
46042
46043
46044
46045
46046
46047
46048
46049
46050
46051
46052
46053
46054
46055
46056
46057
46058
46059
46060
46061
46062
46063
46064
46065
46067
46068
46069
46070
46071
46075
46076
46077
46078
46079
46080
46081
46082
46083
46084
46085
46086
46087
46088
46090
46091
46092
46094
46095
46097
46098
46099
100000
100001
100003
100004
100005
100006
100007
100008
100009
100010
100011
100012
100013
100014
100015
100016
100017
100018
100019
100020
100021
100022
100023
100024
100025
100026
100027
100028
100029
100032
100033
100034
100035
100036
100037
100038
100039
100040
100041
100042
100043
100044
100045
100046
100047
100048
100049
100050
100051
100052
100054
100055
100056
100057
100058
100059
100060
100061
100063
100064
100065
100066
100069
100070
100071
100072
100073
100074
100075
100076
100078
100079
100080
100081
100082
100083
100084
100085
100086
100088
100089
100090
100091
100093
100094
100095
100096
100097
100098
100099
101000
101001
101003
101005
101006
101008
101009
101010
101011
101012
101013
101014
101015
101016
101017
101018
101019
101020
101021
101023
101024
101025
101026
101027
101028
101029
101030
101031
101032
101033
101034
101035
101036
101037
101038
101039
101040
101041
101042
101043
101044
101046
101047
101048
101049
101052
101053
101054
101055
101056
101057
101059
101060
101061
101062
101063
101064
101065
101066
101068
101069
101071
101072
101073
101074
101075
101076
101077
101078
101079
101080
101081
101082
101083
101084
101085
101086
101087
101088
101089
101090
101091
101092
101093
101094
101095
101096
101097
101098
101099
102000
102001
102003
102004
102005
102006
102007
102008
102010
102011
102012
102013
102014
102015
102016
102017
102018
102019
102021
102022
102023
102024
102025
102026
102027
102028
102029
102031
102032
102033
102034
102035
102036
102037
102038
102039
102040
102041
102042
102044
102046
102047
102048
102049
102050
102051
102052
102053
102054
102055
102056
102057
102058
102059
102060
102061
102062
102063
102064
102065
102066
102067
102069
102070
102071
102072
102073
102074
102075
102076
102077
102078
102081
102083
102084
102085
102086
102087
102088
102089
102090
102091
102092
102093
102094
102095
102096
102097
102098
102099
103000
103001
103002
103003
103004
103005
103006
103007
103008
103009
103010
103011
103012
103013
103014
103015
103016
103017
103018
103019
103020
103021
103022
103023
103024
103025
103026
103027
103028
103029
103030
103031
103032
103033
103035
103036
103037
103038
103039
103040
103041
103042
103043
103044
103045
103046
103047
103049
103050
103051
103052
103053
103054
103055
103056
103058
103059
103061
103063
103064
103065
103066
103068
103070
103071
103072
103073
103074
103075
103076
103077
103078
103079
103080
103081
103082
103083
103085
103087
103089
103090
103091
103092
103093
103094
103095
103096
103097
103098
103099
104000
104001
104002
104003
104004
104005
104006
104007
104008
104009
104010
104011
104012
104013
104015
104016
104017
104018
104019
104020
104021
104022
104023
104024
104025
104027
104028
104029
104030
104031
104033
104034
104035
104036
104037
104038
104039
104040
104041
104043
104044
104045
104046
104047
104048
104049
104050
104051
104053
104054
104055
104056
104057
104058
104060
104062
104063
104064
104065
104066
104067
104068
104069
104070
104071
104073
104074
104075
104076
104077
104078
104079
104080
104081
104083
104084
104085
104086
104087
104088
104089
104090
104091
104092
104093
104094
104095
104096
104098
104099
108000
108001
108002
108003
108004
108005
108006
108008
108009
108010
108011
108012
108013
108014
108015
108016
108017
108018
108020
108021
108022
108023
108024
108025
108026
108028
108029
108031
108032
108033
108034
108035
108036
108038
108039
108040
108041
108042
108043
108044
108045
108046
108047
108048
108050
108051
108052
108053
108054
108055
108056
108057
108058
108059
108060
108061
108063
108064
108065
108066
108067
108068
108069
108070
108071
108072
108073
108074
108076
108077
108078
108079
108080
108081
108082
108083
108084
108085
108086
108087
108088
108089
108090
108091
108092
108093
108095
108096
108097
108099
109000
109001
109002
109003
109004
109005
109006
109007
109008
109009
109010
109013
109014
109016
109017
109018
109019
109020
109021
109022
109023
109024
109025
109026
109027
109028
109029
109030
109031
109032
109033
109034
109035
109036
109037
109038
109039
109040
109041
109042
109043
109044
109045
109046
109047
109048
109049
109050
109051
109052
109053
109054
109055
109056
109057
109058
109059
109060
109061
109062
109063
109064
109066
109067
109068
109069
109070
109072
109073
109074
109075
109077
109078
109079
109081
109083
109084
109085
109086
109087
109088
109089
109092
109093
109094
109095
109096
109097
109098
109099
113000
113002
113003
113004
113005
113006
113008
113009
113010
113011
113012
113013
113014
113015
113016
113017
113018
113019
113020
113021
113022
113023
113024
113025
113026
113027
113028
113030
113031
113032
113033
113034
113035
113036
113037
113038
113039
113040
113041
113042
113043
113044
113045
113047
113049
113050
113051
113052
113053
113054
113055
113056
113058
113059
113060
113061
113062
113063
113064
113065
113066
113068
113069
113070
113071
113072
113073
113074
113075
113076
113077
113078
113079
113080
113082
113083
113084
113085
113086
113087
113088
113089
113090
113092
113093
113094
113095
113096
113097
113099
118000
118001
118002
118003
118005
118006
118007
118009
118010
118011
118012
118013
118014
118015
118016
118017
118018
118019
118020
118022
118023
118024
118025
118026
118028
118029
118030
118031
118032
118034
118035
118036
118037
118038
118039
118040
118042
118043
118044
118045
118046
118047
118048
118049
118050
118051
118052
118053
118054
118055
118056
118057
118058
118059
118060
118061
118062
118063
118064
118066
118067
118068
118069
118070
118071
118072
118073
118075
118076
118077
118078
118079
118080
118081
118082
118084
118085
118087
118088
118089
118090
118091
118092
118093
118094
118095
118096
118097
118098
118099
119000
119001
119002
119003
119004
119005
119006
119007
119008
119009
119010
119011
119012
119013
119014
119015
119016
119017
119018
119019
119020
119021
119022
119024
119025
119026
119027
119028
119029
119030
119031
119032
119033
119034
119035
119037
119038
119039
119040
119041
119042
119043
119044
119046
119048
119049
119050
119051
119053
119054
119055
119056
119057
119058
119059
119060
119061
119062
119063
119065
119066
119067
119068
119069
119070
119071
119072
119073
119074
119075
119076
119077
119078
119079
119080
119081
119082
119083
119085
119086
119087
119089
119091
119092
119093
119094
119095
119096
119097
119099
120000
120001
120004
120005
120006
120007
120008
120009
120010
120011
120012
120013
120015
120016
120017
120018
120020
120021
120022
120023
120024
120026
120027
120028
120029
120030
120031
120032
120033
120034
120035
120036
120037
120038
120039
120040
120041
120042
120043
120044
120045
120046
120047
120048
120049
120052
120053
120054
120055
120056
120057
120058
120059
120060
120061
120062
120063
120064
120065
120066
120067
120068
120069
120071
120072
120073
120074
120075
120076
120077
120078
120079
120080
120081
120082
120083
120084
120085
120087
120088
120089
120090
120091
120093
120094
120095
120096
120097
120098
120099
121000
121001
121002
121003
121004
121005
121006
121007
121008
121009
121010
121011
121012
121014
121016
121017
121018
121019
121020
121021
121022
121023
121024
121025
121026
121027
121028
121029
121030
121031
121032
121034
121035
121036
121037
121038
121040
121041
121042
121044
121045
121046
121048
121049
121050
121051
121052
121054
121055
121056
121057
121058
121059
121061
121062
121063
121064
121065
121066
121067
121068
121069
121070
121071
121072
121074
121075
121076
121077
121078
121079
121080
121081
121082
121083
121084
121085
121086
121087
121088
121089
121091
121092
121093
121095
121096
121097
121098
121099
122000
122001
122002
122003
122004
122005
122006
122007
122008
122009
122010
122011
122012
122013
122014
122015
122016
122017
122018
122019
122020
122021
122022
122023
122026
122027
122028
122030
122031
122032
122033
122034
122036
122037
122038
122039
122040
122041
122042
122043
122044
122045
122046
122047
122048
122049
122050
122051
122052
122053
122054
122055
122056
122057
122058
122059
122060
122061
122064
122065
122068
122069
122070
122071
122072
122073
122074
122075
122076
122077
122078
122079
122080
122081
122082
122083
122084
122085
122086
122088
122089
122090
122091
122092
122093
122094
122095
122096
122097
122099
130000
130001
130002
130004
130005
130006
130007
130008
130009
130010
130011
130012
130013
130014
130015
130016
130017
130018
130019
130020
130021
130022
130023
130024
130025
130026
130027
130028
130029
130030
130031
130032
130033
130035
130036
130037
130038
130040
130041
130042
130043
130044
130045
130046
130047
130048
130049
130050
130052
130053
130054
130055
130056
130057
130058
130059
130060
130061
130063
130064
130065
130066
130067
130068
130070
130071
130072
130073
130074
130075
130077
130078
130080
130081
130082
130083
130084
130085
130086
130087
130088
130090
130092
130093
130094
130095
130096
130097
130098
130099
131000
131001
131002
131005
131006
131007
131009
131010
131011
131012
131015
131016
131017
131018
131020
131021
131022
131023
131024
131025
131026
131028
131029
131030
131031
131032
131033
131034
131035
131036
131037
131038
131039
131040
131041
131042
131043
131044
131045
131046
131047
131048
131049
131050
131051
131052
131054
131055
131056
131057
131058
131059
131060
131061
131062
131063
131064
131065
131066
131067
131068
131069
131070
131071
131072
131074
131075
131076
131077
131078
131079
131080
131081
131082
131083
131084
131086
131087
131088
131089
131090
131091
131092
131093
131094
131095
131096
131097
131098
131099
140000
140001
140003
140004
140005
140006
140007
140008
140009
140010
140011
140012
140013
140014
140015
140017
140018
140019
140020
140021
140022
140023
140024
140025
140027
140029
140030
140031
140032
140033
140035
140036
140038
140039
140040
140041
140042
140043
140044
140045
140046
140047
140048
140049
140050
140051
140052
140053
140054
140055
140056
140058
140059
140061
140062
140063
140064
140065
140066
140067
140068
140069
140070
140071
140072
140073
140074
140075
140076
140077
140078
140079
140080
140081
140082
140083
140084
140085
140086
140088
140090
140091
140092
140093
140094
140095
140096
140097
140098
140099
142000
142001
142002
142003
142004
142005
142006
142007
142008
142009
142010
142011
142012
142013
142014
142015
142016
142017
142018
142019
142020
142022
142023
142024
142025
142026
142027
142028
142029
142030
142031
142032
142033
142034
142035
142036
142037
142038
142039
142040
142041
142042
142043
142044
142045
142046
142047
142050
142051
142052
142053
142054
142055
142056
142059
142060
142061
142062
142063
142064
142065
142066
142069
142070
142071
142072
142073
142074
142075
142076
142079
142081
142082
142083
142084
142085
142086
142087
142088
142089
142090
142091
142092
142093
142094
142095
142096
142097
142098
142099
143000
143001
143002
143003
143004
143005
143006
143007
143008
143009
143010
143011
143012
143013
143014
143015
143016
143017
143018
143019
143020
143021
143022
143023
143024
143025
143026
143027
143028
143029
143030
143031
143032
143033
143034
143035
143036
143037
143038
143039
143040
143041
143042
143044
143045
143046
143047
143048
143050
143052
143053
143054
143055
143056
143057
143058
143059
143060
143062
143063
143064
143065
143066
143067
143068
143069
143070
143071
143072
143074
143075
143077
143079
143080
143081
143082
143083
143084
143085
143087
143088
143089
143090
143091
143092
143094
143095
143096
143097
143098
144000
144001
144002
144003
144004
144005
144006
144007
144008
144009
144010
144012
144013
144016
144017
144019
144020
144022
144024
144025
144026
144027
144028
144030
144031
144032
144033
144034
144035
144036
144037
144038
144039
144040
144041
144042
144043
144044
144045
144047
144048
144049
144050
144051
144052
144053
144054
144055
144056
144057
144058
144059
144060
144061
144062
144063
144064
144065
144066
144067
144068
144069
144070
144071
144072
144073
144074
144075
144076
144077
144078
144080
144081
144082
144083
144084
144085
144086
144087
144088
144089
144090
144092
144093
144094
144095
144096
144097
144098
144099
147000
147001
147002
147003
147004
147005
147006
147007
147008
147009
147010
147011
147012
147013
147014
147015
147016
147017
147018
147020
147021
147022
147023
147024
147025
147026
147027
147028
147029
147030
147031
147032
147033
147034
147035
147036
147038
147039
147040
147041
147042
147043
147044
147045
147046
147047
147048
147049
147050
147051
147052
147053
147054
147055
147056
147058
147059
147060
147061
147062
147063
147065
147068
147069
147070
147071
147072
147073
147074
147075
147076
147077
147078
147080
147081
147082
147084
147085
147087
147088
147089
147090
147091
147092
147093
147094
147095
147096
147097
147099
148000
148002
148003
148004
148005
148006
148007
148008
148009
148010
148011
148012
148013
148014
148015
148016
148017
148019
148020
148021
148023
148024
148025
148026
148027
148028
148029
148030
148031
148032
148033
148034
148035
148036
148037
148038
148040
148041
148042
148043
148044
148046
148047
148048
148050
148051
148053
148054
148055
148056
148057
148058
148059
148060
148062
148063
148064
148065
148066
148067
148068
148069
148070
148071
148072
148073
148074
148075
148076
148078
148080
148081
148082
148083
148084
148085
148086
148087
148088
148089
148090
148091
148092
148093
148094
148095
148096
148097
148098
148099
152000
152001
152003
152004
152005
152006
152007
152008
152009
152010
152011
152012
152013
152014
152015
152016
152017
152018
152019
152020
152021
152022
152023
152025
152026
152027
152028
152029
152030
152033
152034
152035
152036
152037
152038
152039
152040
152041
152043
152044
152045
152046
152047
152048
152049
152050
152051
152052
152053
152054
152056
152057
152058
152060
152061
152062
152063
152064
152065
152067
152069
152070
152071
152072
152073
152074
152075
152076
152077
152078
152079
152080
152081
152082
152083
152084
152085
152086
152087
152088
152089
152090
152091
152092
152093
152095
152096
152097
152098
152099
153000
153001
153002
153003
153004
153005
153006
153007
153008
153009
153010
153011
153012
153014
153015
153016
153017
153019
153020
153021
153022
153023
153025
153026
153027
153028
153030
153031
153032
153033
153034
153036
153037
153038
153039
153040
153041
153042
153043
153044
153045
153046
153047
153050
153051
153052
153053
153054
153055
153058
153059
153060
153061
153062
153063
153064
153065
153066
153067
153068
153069
153070
153071
153072
153073
153074
153075
153076
153077
153078
153079
153080
153081
153082
153083
153084
153085
153086
153087
153088
153089
153090
153091
153092
153093
153094
153096
153097
153098
153099
161000
161001
161003
161004
161005
161006
161007
161008
161009
161010
161011
161012
161013
161014
161015
161016
161017
161018
161019
161021
161022
161023
161024
161025
161026
161027
161028
161029
161030
161031
161032
161033
161034
161035
161036
161037
161038
161039
161040
161041
161042
161043
161044
161045
161046
161047
161048
161049
161050
161051
161052
161054
161055
161056
161057
161058
161059
161060
161061
161062
161063
161064
161065
161066
161067
161068
161069
161070
161071
161072
161073
161074
161075
161076
161078
161080
161081
161083
161084
161085
161086
161087
161088
161089
161090
161093
161094
161096
161097
161098
161099
163000
163002
163003
163004
163005
163006
163007
163008
163009
163010
163011
163012
163013
163014
163015
163016
163017
163018
163019
163020
163022
163023
163024
163025
163026
163027
163028
163029
163030
163031
163032
163033
163034
163036
163037
163038
163039
163040
163041
163042
163043
163044
163045
163046
163047
163048
163049
163050
163051
163052
163053
163054
163055
163056
163057
163058
163059
163061
163063
163064
163065
163066
163067
163069
163071
163072
163073
163074
163075
163076
163077
163078
163079
163080
163081
163082
163083
163084
163085
163086
163087
163088
163089
163091
163092
163094
163095
163096
163097
163099
171000
171001
171002
171004
171005
171006
171007
171008
171009
171010
171011
171012
171013
171014
171015
171016
171017
171019
171020
171021
171022
171023
171024
171025
171026
171027
171028
171029
171030
171031
171032
171034
171035
171036
171037
171038
171039
171040
171043
171044
171045
171046
171047
171048
171049
171050
171052
171054
171055
171056
171057
171058
171059
171060
171061
171062
171063
171065
171066
171067
171068
171069
171070
171071
171072
171073
171075
171076
171077
171078
171079
171080
171081
171082
171083
171084
171085
171086
171087
171088
171089
171091
171092
171093
171094
171095
171096
171097
171098
171099
173000
173001
173002
173003
173004
173005
173006
173007
173008
173009
173010
173013
173014
173015
173016
173017
173018
173019
173020
173021
173022
173023
173024
173025
173026
173027
173028
173029
173032
173033
173035
173036
173037
173038
173039
173041
173042
173043
173044
173046
173047
173048
173049
173050
173051
173052
173053
173054
173055
173056
173057
173058
173059
173060
173062
173063
173064
173065
173066
173067
173068
173069
173071
173072
173073
173074
173075
173076
173077
173078
173079
173080
173081
173082
173083
173084
173085
173087
173088
173089
173090
173091
173092
173093
173094
173095
173096
173097
173098
173099
174000
174001
174003
174004
174006
174007
174008
174009
174010
174011
174012
174013
174014
174015
174016
174017
174018
174019
174020
174021
174022
174023
174024
174025
174028
174029
174030
174031
174032
174033
174034
174035
174036
174037
174038
174039
174040
174041
174042
174043
174044
174045
174046
174047
174048
174049
174050
174051
174052
174053
174054
174055
174056
174057
174059
174060
174061
174062
174063
174065
174066
174067
174068
174069
174070
174071
174072
174073
174074
174076
174077
174078
174079
174080
174082
174083
174085
174086
174087
174088
174089
174090
174091
174092
174093
174095
174096
174097
174098
174099
182000
182001
182002
182003
182004
182005
182006
182007
182008
182009
182010
182011
182012
182013
182014
182016
182018
182019
182020
182021
182023
182024
182025
182026
182027
182029
182030
182031
182033
182034
182035
182036
182037
182038
182039
182040
182041
182042
182043
182044
182045
182046
182047
182048
182049
182050
182051
182052
182053
182055
182056
182057
182058
182059
182060
182061
182062
182063
182064
182065
182067
182068
182069
182070
182071
182072
182073
182074
182075
182076
182077
182078
182079
182080
182081
182083
182084
182085
182086
182087
182088
182089
182090
182091
182092
182094
182096
182097
182098
182099
183000
183001
183002
183003
183004
183005
183007
183008
183009
183010
183011
183012
183013
183015
183016
183017
183018
183019
183020
183021
183023
183025
183026
183027
183028
183029
183030
183033
183034
183035
183036
183037
183038
183039
183040
183041
183042
183043
183044
183045
183046
183047
183048
183049
183050
183051
183052
183053
183054
183055
183056
183057
183058
183059
183060
183061
183062
183063
183064
183065
183068
183069
183070
183071
183073
183074
183075
183076
183077
183078
183079
183080
183081
183082
183083
183084
183085
183086
183087
183088
183089
183090
183091
183092
183093
183094
183096
183097
183098
183099
187000
187001
187002
187003
187004
187005
187006
187007
187009
187010
187011
187012
187015
187016
187018
187019
187020
187021
187022
187024
187025
187026
187027
187029
187030
187031
187032
187033
187034
187035
187036
187037
187038
187039
187040
187041
187042
187043
187044
187045
187046
187047
187048
187049
187050
187051
187052
187053
187054
187056
187057
187058
187059
187060
187061
187063
187064
187065
187066
187067
187068
187069
187070
187071
187073
187074
187075
187076
187077
187078
187079
187080
187081
187082
187083
187084
187085
187086
187087
187088
187089
187090
187092
187093
187094
187095
187096
187097
187098
187099
189000
189001
189002
189003
189004
189005
189006
189007
189008
189009
189010
189011
189012
189013
189014
189015
189016
189018
189019
189020
189021
189022
189023
189024
189025
189026
189027
189028
189029
189030
189031
189032
189033
189035
189036
189037
189038
189040
189041
189042
189043
189044
189045
189046
189047
189048
189049
189050
189051
189052
189053
189054
189055
189056
189057
189058
189060
189061
189062
189063
189064
189065
189066
189067
189068
189069
189070
189072
189074
189076
189077
189078
189079
189080
189081
189082
189083
189084
189085
189086
189087
189089
189090
189092
189093
189095
189096
189097
189098
189099
201000
201001
201002
201004
201005
201007
201008
201009
201010
201011
201012
201013
201014
201015
201017
201018
201020
201021
201022
201023
201024
201025
201026
201027
201028
201029
201030
201031
201032
201033
201034
201035
201036
201038
201039
201040
201041
201042
201043
201044
201045
201046
201047
201048
201049
201050
201051
201052
201053
201054
201055
201056
201057
201059
201060
201062
201063
201064
201065
201066
201067
201069
201070
201071
201072
201073
201074
201075
201076
201077
201078
201080
201081
201082
201083
201084
201085
201086
201087
201088
201089
201090
201091
201092
201093
201094
201095
201097
201098
201099
231001
231002
231004
231005
231006
231007
231008
231009
231011
231012
231013
231015
231016
231018
231019
231020
231021
231022
231023
231024
231026
231027
231028
231029
231030
231031
231032
231033
231034
231035
231036
231037
231038
231039
231041
231042
231043
231044
231045
231046
231047
231048
231049
231050
231051
231053
231054
231055
231056
231057
231058
231059
231060
231061
231062
231063
231064
231065
231066
231067
231068
231069
231070
231071
231072
231073
231074
231075
231076
231077
231078
231079
231080
231081
231082
231083
231084
231086
231087
231089
231090
231091
231092
231094
231095
231096
231097
231098
231099
276000
276001
276002
276003
276004
276005
276006
276008
276009
276010
276011
276012
276013
276014
276015
276016
276017
276018
276021
276022
276023
276024
276025
276026
276028
276030
276031
276032
276033
276034
276035
276036
276037
276038
276039
276040
276041
276042
276043
276044
276045
276046
276047
276049
276051
276052
276053
276054
276055
276056
276057
276058
276059
276060
276061
276062
276063
276064
276065
276066
276067
276068
276069
276070
276072
276073
276074
276075
276076
276077
276078
276079
276080
276081
276082
276083
276084
276085
276086
276088
276089
276090
276091
276092
276093
276094
276095
276096
276097
276098
296000
296001
296003
296004
296005
296006
296007
296008
296009
296010
296011
296012
296014
296015
296016
296018
296019
296020
296021
296022
296023
296025
296026
296027
296028
296029
296030
296031
296033
296034
296035
296036
296037
296039
296040
296041
296042
296043
296044
296045
296046
296047
296048
296049
296050
296051
296052
296053
296054
296055
296056
296057
296058
296059
296061
296062
296063
296064
296065
296066
296067
296068
296069
296071
296072
296073
296074
296075
296076
296077
296078
296079
296080
296081
296082
296083
296084
296085
296086
296087
296088
296090
296091
296093
296094
296095
296096
296097
296098
296099
335000
335001
335002
335003
335004
335005
335006
335007
335008
335009
335010
335011
335012
335013
335014
335015
335016
335017
335018
335019
335020
335021
335022
335023
335024
335025
335026
335028
335029
335030
335031
335032
335033
335034
335035
335036
335037
335038
335039
335040
335041
335042
335043
335044
335045
335046
335047
335048
335049
335050
335051
335052
335053
335054
335056
335057
335058
335059
335060
335061
335062
335063
335065
335068
335069
335070
335071
335073
335074
335075
335076
335077
335078
335079
335081
335083
335084
335086
335087
335088
335089
335090
335091
335092
335093
335094
335095
335096
335097
335099
384000
384002
384003
384004
384005
384006
384007
384009
384010
384011
384012
384013
384014
384015
384016
384018
384019
384020
384021
384024
384025
384026
384027
384028
384029
384030
384031
384032
384033
384034
384035
384036
384037
384038
384039
384040
384041
384042
384043
384044
384045
384046
384047
384048
384049
384050
384051
384053
384054
384055
384056
384057
384058
384059
384060
384061
384062
384063
384065
384066
384067
384069
384070
384071
384072
384074
384075
384076
384077
384078
384079
384080
384081
384082
384083
384084
384085
384086
384087
384088
384089
384090
384091
384092
384093
384094
384095
384097
384098
384099