0.11301106 0.88698894
0.12518419 0.87481581
0.22038375 0.77961625
0.38644948 0.61355052
0.11184197 0.88815803
0.14658229 0.85341771
0.37466203 0.62533797
0.37466203 0.62533797
0.50273044 0.49726956
0.11317826 0.88682174
0.37503039 0.62496961
0.10832635 0.89167365
0.10002787 0.89997213
0.12503256 0.87496744
0.10831594 0.89168406
0.10002787 0.89997213
0.09759339 0.90240661
0.10005432 0.89994568
0.63361969 0.36638031
0.13999968 0.86000032
0.37466203 0.62533797
0.10004019 0.89995981
0.38464622 0.61535378
0.38464622 0.61535378
0.38464622 0.61535378
0.38464622 0.61535378
0.12504187 0.87495813
0.12504187 0.87495813
0.14658229 0.85341771
0.12504187 0.87495813
0.14658229 0.85341771
0.11184197 0.88815803
0.12504187 0.87495813
0.38464622 0.61535378
0.38472819 0.61527181
0.38472819 0.61527181
0.3880536 0.6119464
0.38644751 0.61355249
0.36912276 0.63087724
0.64955946 0.35044054
0.14657642 0.85342358
0.11185439 0.88814561
0.1130183 0.8869817
0.1130183 0.8869817
0.14658229 0.85341771
0.1084357 0.8915643
0.36864654 0.63135346
0.10002929 0.89997071
0.52632855 0.47367145
0.11184146 0.88815854
0.11184146 0.88815854
0.10831594 0.89168406
0.10833467 0.89166533
0.10003888 0.89996112
0.10002787 0.89997213
0.10002787 0.89997213
0.10002787 0.89997213
0.38464622 0.61535378
0.12504187 0.87495813
0.38476265 0.61523735
0.12504187 0.87495813
0.1250261 0.8749739
0.10832444 0.89167556
0.10010661 0.89989339
0.12517249 0.87482751
0.36769957 0.63230043
0.11315512 0.88684488
0.10847164 0.89152836
0.10010661 0.89989339
0.36822549 0.63177451
0.29251278 0.70748722
0.1300886 0.8699114
0.36822549 0.63177451
0.10010661 0.89989339
0.36587456 0.63412544
0.10853317 0.89146683
0.10010661 0.89989339
0.12504424 0.87495576
0.10831811 0.89168189
0.10010099 0.89989901
0.10831594 0.89168406
0.10832444 0.89167556
0.1397446 0.8602554
0.50074942 0.49925058
0.36769957 0.63230043
0.36759078 0.63240922
0.11315512 0.88684488
0.10010661 0.89989339
0.13103992 0.86896008
0.10002399 0.89997601
0.62487501 0.37512499
0.62487501 0.37512499
0.87491603 0.12508397
0.35629491 0.64370509
0.16680889 0.83319111
0.37567143 0.62432857
0.37567143 0.62432857
0.62386337 0.37613663
0.16680889 0.83319111
0.49671015 0.50328985
0.83319336 0.16680664
0.62487501 0.37512499
0.87491603 0.12508397
0.624974 0.375026
0.62487501 0.37512499
0.87491603 0.12508397
0.62487501 0.37512499
0.87491603 0.12508397
0.87491603 0.12508397
0.87491603 0.12508397
0.87491603 0.12508397
0.87491603 0.12508397
0.87491603 0.12508397
0.62487501 0.37512499
0.83327328 0.16672672
0.62487501 0.37512499
0.370778 0.629222
0.62487501 0.37512499
0.87491603 0.12508397
0.87491603 0.12508397
0.16680889 0.83319111
0.62487501 0.37512499
0.89985728 0.10014272
0.69916387 0.30083613
0.69916387 0.30083613
0.12507595 0.87492405
0.62487501 0.37512499
0.70936558 0.29063442
0.87481648 0.12518352
0.69916387 0.30083613
0.69916387 0.30083613
0.69916387 0.30083613
0.69916387 0.30083613
0.69916387 0.30083613
0.69916387 0.30083613
0.69916387 0.30083613
0.87491603 0.12508397
0.62487501 0.37512499
0.62487501 0.37512499
0.62487501 0.37512499
0.62487501 0.37512499
0.62487501 0.37512499
0.62487501 0.37512499
0.87491603 0.12508397
0.87491603 0.12508397
0.36754252 0.63245748
0.49980345 0.50019655
0.50091731 0.49908269
0.50370951 0.49629049
0.50091731 0.49908269
0.50091731 0.49908269
0.50091731 0.49908269
0.50091731 0.49908269
0.50091731 0.49908269
0.50370951 0.49629049
0.62797109 0.37202891
0.83327328 0.16672672
0.87491603 0.12508397
0.63492872 0.36507128
0.62487501 0.37512499
0.62797109 0.37202891
0.83327328 0.16672672
0.62487501 0.37512499
0.62487501 0.37512499
0.63492872 0.36507128
0.30171242 0.69828758
0.30171242 0.69828758
0.30171242 0.69828758
0.30171242 0.69828758
0.30073362 0.69926638
0.30073362 0.69926638
0.30073362 0.69926638
0.37634207 0.62365793
0.37634207 0.62365793
0.37634207 0.62365793
0.63179171 0.36820829
0.37634207 0.62365793
0.37634207 0.62365793
0.37634207 0.62365793
0.63179171 0.36820829
0.8940215 0.1059785
0.86034851 0.13965149
0.8749347 0.1250653
0.89414052 0.10585948
0.83327163 0.16672837
0.62527715 0.37472285
0.86480939 0.13519061
0.86482979 0.13517021
0.87495125 0.12504875
0.86482979 0.13517021
0.87493852 0.12506148
0.87490659 0.12509341
0.89992737 0.10007263
0.87490659 0.12509341
0.89962101 0.10037899
0.87490659 0.12509341
0.89994427 0.10005573
0.87493852 0.12506148
0.87493852 0.12506148
0.62527715 0.37472285
0.83326553 0.16673447
0.87493852 0.12506148
0.87493852 0.12506148
0.89994586 0.10005414
0.8745089 0.1254911
0.87493852 0.12506148
0.83326553 0.16673447
0.87493852 0.12506148
0.89993966 0.10006034
0.89953002 0.10046998
0.89994219 0.10005781
0.89984141 0.10015859
0.87484858 0.12515142
0.87493852 0.12506148
0.87493852 0.12506148
0.87493852 0.12506148
0.87493852 0.12506148
0.87493852 0.12506148
0.87493852 0.12506148
0.91275495 0.08724505
0.89989251 0.10010749
0.91275495 0.08724505
0.70041571 0.29958429
0.91275495 0.08724505
0.89989251 0.10010749
0.83403309 0.16596691
0.87484858 0.12515142
0.89996787 0.10003213
0.89411544 0.10588456
0.89996787 0.10003213
0.87490659 0.12509341
0.91276758 0.08723242
0.89996137 0.10003863
0.87493852 0.12506148
0.87493852 0.12506148
0.89996787 0.10003213
0.89996137 0.10003863
0.91276758 0.08723242
0.89989251 0.10010749
0.87493852 0.12506148
0.87484858 0.12515142
0.89414113 0.10585887
0.87493852 0.12506148
0.89992737 0.10007263
0.87493852 0.12506148
0.87493852 0.12506148
0.89989251 0.10010749
0.89995422 0.10004578
0.87493852 0.12506148
0.89992737 0.10007263
0.89992737 0.10007263
0.89992737 0.10007263
0.87493852 0.12506148
0.89989251 0.10010749
0.89992737 0.10007263
0.87493852 0.12506148
0.89989251 0.10010749
0.87493852 0.12506148
0.87490659 0.12509341
0.87484858 0.12515142
0.87493852 0.12506148
0.87484858 0.12515142
0.87490659 0.12509341
0.87493852 0.12506148
0.91275495 0.08724505
0.62527715 0.37472285
0.89992737 0.10007263
0.89992737 0.10007263
0.89984141 0.10015859
0.87493852 0.12506148
0.49888546 0.50111454
0.4996737 0.5003263
0.62488461 0.37511539
0.59479834 0.40520166
0.62488461 0.37511539
0.62488461 0.37511539
0.89992783 0.10007217
0.89990365 0.10009635
0.62049181 0.37950819
0.49883643 0.50116357
0.61503066 0.38496934
0.61503066 0.38496934
0.61503066 0.38496934
0.61503066 0.38496934
0.87489378 0.12510622
0.88863823 0.11136177
0.89990365 0.10009635
0.87489378 0.12510622
0.89990365 0.10009635
0.62593354 0.37406646
0.83328924 0.16671076
0.89990365 0.10009635
0.87492386 0.12507614
0.87494892 0.12505108
0.83325926 0.16674074
0.87494892 0.12505108
0.62955958 0.37044042
0.62939317 0.37060683
0.87494892 0.12505108
0.89984436 0.10015564
0.87494892 0.12505108
0.87490877 0.12509123
0.87494892 0.12505108
0.87490877 0.12509123
0.62488461 0.37511539
0.62955958 0.37044042
0.83325926 0.16674074
0.87494892 0.12505108
0.83328924 0.16671076
0.62488461 0.37511539
0.89993683 0.10006317
0.49996375 0.50003625
0.62488461 0.37511539
0.62488461 0.37511539
0.62488461 0.37511539
0.87490877 0.12509123
0.503052 0.496948
0.87494892 0.12505108
0.50068194 0.49931806
0.87494892 0.12505108
0.37477913 0.62522087
0.37829795 0.62170205
0.87490877 0.12509123
0.87490877 0.12509123
0.62460839 0.37539161
0.62444327 0.37555673
0.62488461 0.37511539
0.49996375 0.50003625
0.30224053 0.69775947
0.50027108 0.49972892
0.8918075 0.1081925
0.79995756 0.20004244
0.83325926 0.16674074
0.37599022 0.62400978
0.87494892 0.12505108
0.62524249 0.37475751
0.87451291 0.12548709
0.89945032 0.10054968
0.89945032 0.10054968
0.89945032 0.10054968
0.89945032 0.10054968
0.87490877 0.12509123
0.62488461 0.37511539
0.62488461 0.37511539
0.62488461 0.37511539
0.89992783 0.10007217
0.87490877 0.12509123
0.87490877 0.12509123
0.74995145 0.25004855
0.49989008 0.50010992
0.62488461 0.37511539
0.49996375 0.50003625
0.62488461 0.37511539
0.50069968 0.49930032
0.83325926 0.16674074
0.85154786 0.14845214
0.87489378 0.12510622
0.62488461 0.37511539
0.87494892 0.12505108
0.87494892 0.12505108
0.37455545 0.62544455
0.50466234 0.49533766
0.10835753 0.89164247
0.37528965 0.62471035
0.50023408 0.49976592
0.10834245 0.89165755
0.37503788 0.62496212
0.64277774 0.35722226
0.89291607 0.10708393
0.37609522 0.62390478
0.89933606 0.10066394
0.13989235 0.86010765
0.10840225 0.89159775
0.10608549 0.89391451
0.16669129 0.83330871
0.83321255 0.16678745
0.13970027 0.86029973
0.13970027 0.86029973
0.89262518 0.10737482
0.50023408 0.49976592
0.10834245 0.89165755
0.51178752 0.48821248
0.13970027 0.86029973
0.13971226 0.86028774
0.13977974 0.86022026
0.29709878 0.70290122
0.13971973 0.86028027
0.12502764 0.87497236
0.13977974 0.86022026
0.13977601 0.86022399
0.1251545 0.8748455
0.13977974 0.86022026
0.11037503 0.88962497
0.3754596 0.6245404
0.51128503 0.48871497
0.1668149 0.8331851
0.1668149 0.8331851
0.1250755 0.8749245
0.10005523 0.89994477
0.37449286 0.62550714
0.12502764 0.87497236
0.12508875 0.87491125
0.12516768 0.87483232
0.1251609 0.8748391
0.12502764 0.87497236
0.16669072 0.83330928
0.1668149 0.8331851
0.63985973 0.36014027
0.10005105 0.89994895
0.10607791 0.89392209
0.12514563 0.87485437
0.47338118 0.52661882
0.16682004 0.83317996
0.10623835 0.89376165
0.49939927 0.50060073
0.11784337 0.88215663
0.100192 0.899808
0.2971386 0.7028614
0.36550619 0.63449381
0.21192083 0.78807917
0.64246698 0.35753302
0.36553623 0.63446377
0.16668974 0.83331026
0.20073858 0.79926142
0.87487922 0.12512078
0.62419746 0.37580254
0.62321428 0.37678572
0.13560417 0.86439583
0.12394669 0.87605331
0.20073858 0.79926142
0.29714427 0.70285573
0.11299738 0.88700262
0.17668014 0.82331986
0.87478647 0.12521353
0.36707304 0.63292696
0.13500279 0.86499721
0.26759134 0.73240866
0.89982781 0.10017219
0.51178752 0.48821248
0.50213617 0.49786383
0.29447708 0.70552292
0.34780764 0.65219236
0.29709878 0.70290122
0.63985973 0.36014027
0.10608549 0.89391451
0.10607961 0.89392039
0.86209537 0.13790463
0.64231632 0.35768368
0.87490031 0.12509969
0.37612108 0.62387892
0.85429715 0.14570285
0.36865655 0.63134345
0.69848774 0.30151226
0.83281422 0.16718578
0.5 0.5
0.7495666 0.2504334
0.5 0.5
0.10013384 0.89986616
0.87468248 0.12531752
0.87454808 0.12545192
0.87470647 0.12529353
0.37411661 0.62588339
0.83294537 0.16705463
0.5 0.5
0.63221165 0.36778835
0.49305058 0.50694942
0.83317977 0.16682023
0.29890397 0.70109603
0.49477466 0.50522534
0.3740893 0.6259107
0.29923867 0.70076133
0.12513316 0.87486684
0.36506774 0.63493226
0.49548022 0.50451978
0.29953837 0.70046163
0.50410811 0.49589189
0.49936958 0.50063042
0.37319594 0.62680406
0.49968536 0.50031464
0.70016416 0.29983584
0.3720859 0.6279141
0.50430939 0.49569061
0.16674476 0.83325524
0.8332505 0.1667495
0.83313536 0.16686464
0.50156863 0.49843137
0.63230478 0.36769522
0.5 0.5
0.74977397 0.25022603
0.89989705 0.10010295
0.79972429 0.20027571
0.37526415 0.62473585
0.83314248 0.16685752
0.29884896 0.70115104
0.8998785 0.1001215
0.50328607 0.49671393
0.83326738 0.16673262
0.36540935 0.63459065
0.83316904 0.16683096
0.87490135 0.12509865
0.50169189 0.49830811
0.37405783 0.62594217
0.7495666 0.2504334
0.87484322 0.12515678
0.83276917 0.16723083
0.36540935 0.63459065
0.50006256 0.49993744
0.87484322 0.12515678
0.87489596 0.12510404
0.16690427 0.83309573
0.49532041 0.50467959
0.50111138 0.49888862
0.49266914 0.50733086
0.83321391 0.16678609
0.83307116 0.16692884
0.874571 0.125429
0.83314248 0.16685752
0.49532041 0.50467959
0.49952802 0.50047198
0.69826282 0.30173718
0.36422562 0.63577438
0.28888391 0.71111609
0.37485643 0.62514357
0.49951407 0.50048593
0.63012544 0.36987456
0.49941199 0.50058801
0.83314248 0.16685752
0.83314248 0.16685752
0.5019702 0.4980298
0.83277639 0.16722361
0.49915519 0.50084481
0.16703473 0.83296527
0.89991406 0.10008594
0.83277639 0.16722361
0.87481779 0.12518221
0.50348964 0.49651036
0.3752696 0.6247304
0.62157436 0.37842564
0.87489596 0.12510404
0.69960873 0.30039127
0.29881284 0.70118716
0.29881284 0.70118716
0.29881284 0.70118716
0.29881284 0.70118716
0.29881284 0.70118716
0.29881284 0.70118716
0.29881284 0.70118716
0.29881284 0.70118716
0.29881284 0.70118716
0.29881284 0.70118716
0.29881284 0.70118716
0.29881284 0.70118716
0.29881284 0.70118716
0.29881284 0.70118716
0.29881284 0.70118716
0.29881284 0.70118716
0.10011688 0.89988312
0.10011688 0.89988312
0.12512749 0.87487251
0.12512749 0.87487251
0.12512749 0.87487251
0.29881284 0.70118716
0.12512749 0.87487251
0.12512749 0.87487251
0.12512749 0.87487251
0.12513537 0.87486463
0.12513537 0.87486463
0.12513537 0.87486463
0.12511216 0.87488784
0.12511216 0.87488784
0.16675678 0.83324322
0.12504977 0.87495023
0.12504977 0.87495023
0.12511216 0.87488784
0.12511216 0.87488784
0.12511216 0.87488784
0.12505235 0.87494765
0.12505235 0.87494765
0.12505235 0.87494765
0.12511216 0.87488784
0.12511216 0.87488784
0.10012163 0.89987837
0.16675678 0.83324322
0.16675678 0.83324322
0.10012163 0.89987837
0.16675678 0.83324322
0.12513537 0.87486463
0.16675678 0.83324322
0.16675678 0.83324322
0.16675678 0.83324322
0.16675678 0.83324322
0.16675678 0.83324322
0.12511216 0.87488784
0.12511216 0.87488784
0.12511216 0.87488784
0.12511216 0.87488784
0.12511216 0.87488784
0.12511216 0.87488784
0.16675678 0.83324322
0.16675678 0.83324322
0.10012163 0.89987837
0.12511216 0.87488784
0.12505235 0.87494765
0.12505235 0.87494765
0.12505235 0.87494765
0.12511216 0.87488784
0.37419357 0.62580643
0.12505235 0.87494765
0.29924243 0.70075757
0.10012163 0.89987837
0.10012163 0.89987837
0.12513537 0.87486463
0.10008085 0.89991915
0.12513537 0.87486463
0.10008559 0.89991441
0.10012163 0.89987837
0.10008559 0.89991441
0.12513537 0.87486463
0.10012163 0.89987837
0.10008559 0.89991441
0.16675678 0.83324322
0.16675678 0.83324322
0.12511216 0.87488784
0.12512749 0.87487251
0.12513537 0.87486463
0.10012163 0.89987837
0.10012163 0.89987837
0.12511216 0.87488784
0.49985213 0.50014787
0.49985213 0.50014787
0.6312928 0.3687072
0.86048236 0.13951764
0.49931032 0.50068968
0.86048236 0.13951764
0.62456911 0.37543089
0.89994897 0.10005103
0.50425224 0.49574776
0.49999742 0.50000258
0.87493933 0.12506067
0.87493395 0.12506605
0.37414168 0.62585832
0.89995673 0.10004327
0.86048236 0.13951764
0.89173997 0.10826003
0.49993015 0.50006985
0.69985756 0.30014244
0.83321813 0.16678187
0.89174671 0.10825329
0.62514163 0.37485837
0.89177696 0.10822304
0.86048236 0.13951764
0.89992421 0.10007579
0.89154216 0.10845784
0.62074459 0.37925541
0.65186772 0.34813228
0.49932427 0.50067573
0.87492717 0.12507283
0.86048236 0.13951764
0.86050273 0.13949727
0.49992826 0.50007174
0.13969569 0.86030431
0.79985103 0.20014897
0.84264425 0.15735575
0.79985103 0.20014897
0.4994785 0.5005215
0.8928855 0.1071145
0.81300334 0.18699666
0.49969596 0.50030404
0.49991629 0.50008371
0.49939205 0.50060795
0.49991629 0.50008371
0.50143935 0.49856065
0.86047488 0.13952512
0.89179392 0.10820608
0.83321813 0.16678187
0.83321813 0.16678187
0.49957674 0.50042326
0.2988199 0.7011801
0.87492428 0.12507572
0.49993015 0.50006985
0.79985103 0.20014897
0.50098624 0.49901376
0.89179392 0.10820608
0.89178527 0.10821473
0.79985103 0.20014897
0.89178515 0.10821485
0.86036571 0.13963429
0.50008212 0.49991788
0.89991967 0.10008033
0.49993015 0.50006985
0.89179392 0.10820608
0.86003011 0.13996989
0.50057017 0.49942983
0.49932427 0.50067573
0.49991629 0.50008371
0.87493395 0.12506605
0.86050273 0.13949727
0.89178515 0.10821485
0.87493378 0.12506622
0.49993015 0.50006985
0.50318213 0.49681787
0.49993015 0.50006985
0.49993015 0.50006985
0.86050273 0.13949727
0.79985103 0.20014897
0.37661383 0.62338617
0.86048236 0.13951764
0.87492428 0.12507572
0.49939205 0.50060795
0.83321813 0.16678187
0.79985103 0.20014897
0.87492428 0.12507572
0.6290184 0.3709816
0.87492428 0.12507572
0.86053843 0.13946157
0.79990764 0.20009236
0.86051948 0.13948052
0.62596946 0.37403054
0.20073858 0.79926142
0.83321813 0.16678187
0.50532732 0.49467268
0.62691537 0.37308463
0.69987564 0.30012436
0.69985486 0.30014514
0.62494748 0.37505252
0.70037487 0.29962513
0.625229 0.374771
0.87480245 0.12519755
0.87493707 0.12506293
0.7082321 0.2917679
0.50274752 0.49725248
0.37614149 0.62385851
0.50274752 0.49725248
0.50274752 0.49725248
0.64286976 0.35713024
0.8749194 0.1250806
0.49937121 0.50062879
0.69988944 0.30011056
0.37415195 0.62584805
0.89986148 0.10013852
0.69901016 0.30098984
0.87494701 0.12505299
0.87494701 0.12505299
0.89987643 0.10012357
0.89987643 0.10012357
0.87494345 0.12505655
0.89987643 0.10012357
0.69991376 0.30008624
0.89986148 0.10013852
0.62450059 0.37549941
0.8747849 0.1252151
0.8747849 0.1252151
0.69977611 0.30022389
0.49977214 0.50022786
0.625229 0.374771
0.625229 0.374771
0.70999114 0.29000886
0.70021157 0.29978843
0.70021157 0.29978843
0.8749194 0.1250806
0.8749194 0.1250806
0.8749194 0.1250806
0.89984694 0.10015306
0.70021157 0.29978843
0.8605289 0.1394711
0.3676579 0.6323421
0.6346373 0.3653627
0.49966496 0.50033504
0.63263115 0.36736885
0.70451839 0.29548161
0.70007757 0.29992243
0.29899914 0.70100086
0.87480455 0.12519545
0.89994263 0.10005737
0.69991376 0.30008624
0.62450748 0.37549252
0.89987769 0.10012231
0.62691537 0.37308463
0.89994477 0.10005523
0.89964587 0.10035413
0.87494701 0.12505299
0.62477723 0.37522277
0.70021157 0.29978843
0.62483986 0.37516014
0.70021157 0.29978843
0.69991376 0.30008624
0.69991376 0.30008624
0.87494701 0.12505299
0.87494345 0.12505655
0.87494701 0.12505299
0.87491627 0.12508373
0.87496253 0.12503747
0.89987195 0.10012805
0.6229898 0.3770102
0.8749194 0.1250806
0.70999114 0.29000886
0.87480245 0.12519755
0.87496568 0.12503432
0.70524891 0.29475109
0.65222761 0.34777239
0.87494701 0.12505299
0.89993413 0.10006587
0.87494701 0.12505299
0.62494748 0.37505252
0.625229 0.374771
0.70894886 0.29105114
0.62494748 0.37505252
0.49970564 0.50029436
0.89987643 0.10012357
0.49978052 0.50021948
0.69977611 0.30022389
0.62487501 0.37512499
0.62524377 0.37475623
0.62524377 0.37475623
0.62524377 0.37475623
0.62524377 0.37475623
0.62487501 0.37512499
0.624974 0.375026
0.62797109 0.37202891
0.62487501 0.37512499
0.62524377 0.37475623
0.62487501 0.37512499
0.62487501 0.37512499
0.62643295 0.37356705
0.62524377 0.37475623
0.87491603 0.12508397
0.87491603 0.12508397
0.83327328 0.16672672
0.62485463 0.37514537
0.84179161 0.15820839
0.62487501 0.37512499
0.62524377 0.37475623
0.5047117 0.4952883
0.62487501 0.37512499
0.62669747 0.37330253
0.62524377 0.37475623
0.83327328 0.16672672
0.62797109 0.37202891
0.62487501 0.37512499
0.62487501 0.37512499
0.84179161 0.15820839
0.62487501 0.37512499
0.62487501 0.37512499
0.62524377 0.37475623
0.87496703 0.12503297
0.62487501 0.37512499
0.62487501 0.37512499
0.62524377 0.37475623
0.83327328 0.16672672
0.62524377 0.37475623
0.83327328 0.16672672
0.62524377 0.37475623
0.62524377 0.37475623
0.62487501 0.37512499
0.62524377 0.37475623
0.62487501 0.37512499
0.62524377 0.37475623
0.84179161 0.15820839
0.87491603 0.12508397
0.87491603 0.12508397
0.62797109 0.37202891
0.62524377 0.37475623
0.62524377 0.37475623
0.87491603 0.12508397
0.37644145 0.62355855
0.83327328 0.16672672
0.62487501 0.37512499
0.62797109 0.37202891
0.62487501 0.37512499
0.62487501 0.37512499
0.87491603 0.12508397
0.83327328 0.16672672
0.62487501 0.37512499
0.87491603 0.12508397
0.1670344 0.8329656
0.62487501 0.37512499
0.87491603 0.12508397
0.62487501 0.37512499
0.62487501 0.37512499
0.37634207 0.62365793
0.62524377 0.37475623
0.62524377 0.37475623
0.62487501 0.37512499
0.62487501 0.37512499
0.83327328 0.16672672
0.6256342 0.3743658
0.62797109 0.37202891
0.62524377 0.37475623
0.83327328 0.16672672
0.62487501 0.37512499
0.62487501 0.37512499
0.62487501 0.37512499
0.62797109 0.37202891
0.62524377 0.37475623
0.37634207 0.62365793
0.87491603 0.12508397
0.87491603 0.12508397
0.83327328 0.16672672
0.62487501 0.37512499
0.62524377 0.37475623
0.5 0.5
0.10620269 0.89379731
0.10009406 0.89990594
0.10010655 0.89989345
0.10620269 0.89379731
0.10620269 0.89379731
0.10010655 0.89989345
0.1034813 0.8965187
0.1062048 0.8937952
0.12517029 0.87482971
0.10003593 0.89996407
0.12517029 0.87482971
0.10010879 0.89989121
0.33076053 0.66923947
0.13079757 0.86920243
0.16675574 0.83324426
0.10016718 0.89983282
0.10640839 0.89359161
0.11812253 0.88187747
0.1092641 0.8907359
0.10624299 0.89375701
0.1250304 0.8749696
0.12505701 0.87494299
0.16677022 0.83322978
0.12501691 0.87498309
0.12513741 0.87486259
0.12501691 0.87498309
0.16718437 0.83281563
0.12502621 0.87497379
0.12581888 0.87418112
0.1386184 0.8613816
0.10014673 0.89985327
0.10014334 0.89985666
0.10632771 0.89367229
0.10625468 0.89374532
0.30118644 0.69881356
0.10013905 0.89986095
0.12513702 0.87486298
0.12525236 0.87474764
0.12507411 0.87492589
0.13081888 0.86918112
0.10341283 0.89658717
0.28808546 0.71191454
0.10004264 0.89995736
0.13587613 0.86412387
0.10019392 0.89980608
0.10835829 0.89164171
0.10019392 0.89980608
0.29920235 0.70079765
0.13981156 0.86018844
0.13981156 0.86018844
0.51768523 0.48231477
0.39966187 0.60033813
0.12501691 0.87498309
0.20074977 0.79925023
0.13983247 0.86016753
0.14005151 0.85994849
0.25004114 0.74995886
0.16692095 0.83307905
0.12559701 0.87440299
0.12504156 0.87495844
0.10047935 0.89952065
0.13568061 0.86431939
0.28806984 0.71193016
0.12509278 0.87490722
0.42821164 0.57178836
0.13560417 0.86439583
0.16708257 0.83291743
0.1253949 0.8746051
0.29491948 0.70508052
0.10027706 0.89972294
0.16692592 0.83307408
0.16692592 0.83307408
0.16692592 0.83307408
0.1003893 0.8996107
0.10048204 0.89951796
0.10025198 0.89974802
0.50004911 0.49995089
0.3012799 0.6987201
0.28837031 0.71162969
0.10114869 0.89885131
0.13078711 0.86921289
0.49913104 0.50086896
0.12534053 0.87465947
0.12534053 0.87465947
0.49851818 0.50148182
0.25105599 0.74894401
0.28806984 0.71193016
0.49720086 0.50279914
0.12585192 0.87414808
0.10750079 0.89249921
0.87485929 0.12514071
0.87485929 0.12514071
0.8332475 0.1667525
0.87495486 0.12504514
0.87485929 0.12514071
0.87485929 0.12514071
0.87485929 0.12514071
0.89176622 0.10823378
0.49980849 0.50019151
0.89176622 0.10823378
0.87485929 0.12514071
0.3679469 0.6320531
0.87564753 0.12435247
0.62639635 0.37360365
0.69918058 0.30081942
0.63190813 0.36809187
0.89169867 0.10830133
0.89166143 0.10833857
0.83302248 0.16697752
0.69976899 0.30023101
0.89166143 0.10833857
0.29260354 0.70739646
0.29306361 0.70693639
0.89169867 0.10830133
0.63106541 0.36893459
0.34635141 0.65364859
0.29447996 0.70552004
0.87537244 0.12462756
0.88985244 0.11014756
0.49599569 0.50400431
0.36157154 0.63842846
0.87537244 0.12462756
0.87482895 0.12517105
0.29306651 0.70693349
0.69956002 0.30043998
0.87482706 0.12517294
0.3685925 0.6314075
0.63192977 0.36807023
0.49746946 0.50253054
0.83305785 0.16694215
0.89993838 0.10006162
0.62493494 0.37506506
0.83305785 0.16694215
0.89176335 0.10823665
0.89993122 0.10006878
0.12519931 0.87480069
0.83305785 0.16694215
0.63190813 0.36809187
0.89993122 0.10006878
0.49690253 0.50309747
0.69948784 0.30051216
0.49918942 0.50081058
0.62347835 0.37652165
0.36979989 0.63020011
0.87479392 0.12520608
0.49651872 0.50348128
0.79928991 0.20071009
0.69932565 0.30067435
0.83305403 0.16694597
0.36867264 0.63132736
0.89171591 0.10828409
0.8998979 0.1001021
0.81436881 0.18563119
0.86031565 0.13968435
0.63126426 0.36873574
0.87472631 0.12527369
0.49655975 0.50344025
0.86031565 0.13968435
0.49584934 0.50415066
0.62985248 0.37014752
0.3681292 0.6318708
0.36193713 0.63806287
0.62985248 0.37014752
0.49303323 0.50696677
0.51057924 0.48942076
0.49271411 0.50728589
0.83275993 0.16724007
0.62985248 0.37014752
0.49472214 0.50527786
0.7810896 0.2189104
0.36439123 0.63560877
0.62985248 0.37014752
0.6298395 0.3701605
0.83302248 0.16697752
0.62340482 0.37659518
0.87482613 0.12517387
0.89947998 0.10052002
0.89979037 0.10020963
0.83302248 0.16697752
0.25318383 0.74681617
0.10005377 0.89994623
0.12503295 0.87496705
0.10005377 0.89994623
0.10005377 0.89994623
0.10003176 0.89996824
0.12503295 0.87496705
0.10003176 0.89996824
0.10003176 0.89996824
0.10832765 0.89167235
0.10005377 0.89994623
0.10003176 0.89996824
0.12508201 0.87491799
0.12508201 0.87491799
0.10003176 0.89996824
0.10005377 0.89994623
0.10003176 0.89996824
0.10003176 0.89996824
0.10003176 0.89996824
0.10003176 0.89996824
0.10005976 0.89994024
0.10005228 0.89994772
0.12508201 0.87491799
0.10003176 0.89996824
0.10003176 0.89996824
0.10005228 0.89994772
0.10005377 0.89994623
0.10003176 0.89996824
0.10005377 0.89994623
0.12508201 0.87491799
0.10003176 0.89996824
0.10003176 0.89996824
0.10005377 0.89994623
0.36588951 0.63411049
0.10422593 0.89577407
0.10004992 0.89995008
0.12507848 0.87492152
0.1034138 0.8965862
0.13227159 0.86772841
0.10839174 0.89160826
0.35356918 0.64643082
0.37543529 0.62456471
0.10839174 0.89160826
0.10612788 0.89387212
0.13980547 0.86019453
0.10623589 0.89376411
0.10839174 0.89160826
0.36588951 0.63411049
0.29976786 0.70023214
0.37543529 0.62456471
0.10835789 0.89164211
0.10013077 0.89986923
0.10010302 0.89989698
0.12507809 0.87492191
0.10004837 0.89995163
0.10835753 0.89164247
0.10865019 0.89134981
0.10835753 0.89164247
0.36750397 0.63249603
0.10840054 0.89159946
0.33140754 0.66859246
0.36588951 0.63411049
0.1034138 0.8965862
0.20076474 0.79923526
0.10848182 0.89151818
0.10836065 0.89163935
0.25005748 0.74994252
0.10848182 0.89151818
0.13981156 0.86018844
0.16693416 0.83306584
0.20076474 0.79923526
0.1000815 0.8999185
0.10839486 0.89160514
0.10848182 0.89151818
0.10013283 0.89986717
0.20076474 0.79923526
0.10013283 0.89986717
0.10013283 0.89986717
0.13981156 0.86018844
0.10613065 0.89386935
0.10839486 0.89160514
0.10836065 0.89163935
0.13981156 0.86018844
0.20076474 0.79923526
0.36826595 0.63173405
0.10013283 0.89986717
0.20076474 0.79923526
0.36826595 0.63173405
0.20076474 0.79923526
0.10005347 0.89994653
0.10839486 0.89160514
0.50437146 0.49562854
0.37489566 0.62510434
0.74970252 0.25029748
0.64051431 0.35948569
0.64051431 0.35948569
0.51426682 0.48573318
0.12413531 0.87586469
0.86055331 0.13944669
0.37634007 0.62365993
0.6403499 0.3596501
0.50049671 0.49950329
0.1084388 0.8915612
0.3675073 0.6324927
0.37634007 0.62365993
0.6342937 0.3657063
0.64038432 0.35961568
0.79998669 0.20001331
0.37564753 0.62435247
0.51279736 0.48720264
0.50651394 0.49348606
0.52334159 0.47665841
0.50651394 0.49348606
0.89403653 0.10596347
0.50784649 0.49215351
0.64329265 0.35670735
0.64329265 0.35670735
0.86055077 0.13944923
0.50407219 0.49592781
0.63281327 0.36718673
0.12528249 0.87471751
0.16704817 0.83295183
0.12432303 0.87567697
0.36938473 0.63061527
0.37634007 0.62365993
0.37634007 0.62365993
0.10010332 0.89989668
0.37634007 0.62365993
0.63446812 0.36553188
0.10834185 0.89165815
0.10035089 0.89964911
0.36571351 0.63428649
0.10018248 0.89981752
0.10834185 0.89165815
0.10848061 0.89151939
0.10848061 0.89151939
0.51426682 0.48573318
0.6373658 0.3626342
0.51426682 0.48573318
0.51426682 0.48573318
0.86055331 0.13944669
0.20078588 0.79921412
0.29405921 0.70594079
0.48464501 0.51535499
0.48431534 0.51568466
0.13970077 0.86029923
0.13988541 0.86011459
0.36874271 0.63125729
0.63750679 0.36249321
0.48770713 0.51229287
0.10840463 0.89159537
0.3681531 0.6318469
0.10021105 0.89978895
0.10015728 0.89984272
0.12514773 0.87485227
0.10001839 0.89998161
0.13973728 0.86026272
0.1396999 0.8603001
0.63722185 0.36277815
0.37588048 0.62411952
0.11000465 0.88999535
0.48430025 0.51569975
0.49995844 0.50004156
0.36546241 0.63453759
0.49935787 0.50064213
0.3750657 0.6249343
0.6301586 0.3698414
0.37568563 0.62431437
0.86017607 0.13982393
0.1400706 0.8599294
0.12522379 0.87477621
0.63984046 0.36015954
0.87562015 0.12437985
0.36747852 0.63252148
0.10839871 0.89160129
0.1086247 0.8913753
0.18947377 0.81052623
0.8569777 0.1430223
0.13969569 0.86030431
0.13971226 0.86028774
0.13969569 0.86030431
0.12508483 0.87491517
0.89976362 0.10023638
0.87486862 0.12513138
0.50208764 0.49791236
0.37485643 0.62514357
0.7000823 0.2999177
0.70059331 0.29940669
0.87489218 0.12510782
0.69994621 0.30005379
0.8745954 0.1254046
0.10003544 0.89996456
0.14902809 0.85097191
0.53348389 0.46651611
0.22791534 0.77208466
0.37016547 0.62983453
0.37700842 0.62299158
0.1396994 0.8603006
0.86031073 0.13968927
0.14002207 0.85997793
0.13560096 0.86439904
0.48431534 0.51568466
0.8331753 0.1668247
0.70119078 0.29880922
0.69798762 0.30201238
0.48431534 0.51568466
0.62239396 0.37760604
0.3675073 0.6324927
0.37095002 0.62904998
0.10024775 0.89975225
0.16669072 0.83330928
0.50071867 0.49928133
0.83331592 0.16668408
0.62297225 0.37702775
0.20073858 0.79926142
0.87479575 0.12520425
0.6942065 0.3057935
0.20750318 0.79249682
0.87494696 0.12505304
0.62301759 0.37698241
0.74923274 0.25076726
0.37547851 0.62452149
0.63253273 0.36746727
0.63281327 0.36718673
0.1405094 0.8594906
0.86251034 0.13748966
0.16668555 0.83331445
0.49996375 0.50003625
0.13560096 0.86439904
0.63223263 0.36776737
0.89164312 0.10835688
0.49908598 0.50091402
0.62481634 0.37518366
0.74971615 0.25028385
0.89994013 0.10005987
0.88127417 0.11872583
0.63153526 0.36846474
0.37522002 0.62477998
0.50004861 0.49995139
0.36597196 0.63402804
0.10002014 0.89997986
0.29969906 0.70030094
0.8746253 0.1253747
0.52088311 0.47911689
0.36774634 0.63225366
0.13971464 0.86028536
0.13981251 0.86018749
0.13989072 0.86010928
0.89455539 0.10544461
0.83330812 0.16669188
0.10833537 0.89166463
0.63274318 0.36725682
0.11054071 0.88945929
0.49997239 0.50002761
0.47604446 0.52395554
0.29980135 0.70019865
0.38073561 0.61926439
0.63106575 0.36893425
0.12536301 0.87463699
0.1000715 0.8999285
0.86055331 0.13944669
0.37475613 0.62524387
0.62456601 0.37543399
0.50261471 0.49738529
0.62431665 0.37568335
0.3700864 0.6299136
0.82194149 0.17805851
0.63169812 0.36830188
0.63171976 0.36828024
0.51663772 0.48336228
0.87482124 0.12517876
0.25031432 0.74968568
0.25002611 0.74997389
0.25009074 0.74990926
0.74991955 0.25008045
0.74991955 0.25008045
0.25009074 0.74990926
0.25009074 0.74990926
0.25009074 0.74990926
0.25009074 0.74990926
0.74981857 0.25018143
0.25009074 0.74990926
0.25002611 0.74997389
0.31052476 0.68947524
0.25002611 0.74997389
0.74981857 0.25018143
0.5031713 0.4968287
0.25006528 0.74993472
0.49992366 0.50007634
0.2503873 0.7496127
0.12508266 0.87491734
0.16675279 0.83324721
0.20077188 0.79922812
0.13981736 0.86018264
0.12508266 0.87491734
0.1252296 0.8747704
0.1252296 0.8747704
0.16699485 0.83300515
0.12517597 0.87482403
0.16700314 0.83299686
0.12528406 0.87471594
0.12517387 0.87482613
0.12517597 0.87482403
0.16700314 0.83299686
0.12517597 0.87482403
0.12546155 0.87453845
0.16700314 0.83299686
0.16682128 0.83317872
0.20106972 0.79893028
0.20079567 0.79920433
0.16671996 0.83328004
0.16671996 0.83328004
0.16682128 0.83317872
0.16671996 0.83328004
0.16682128 0.83317872
0.16671996 0.83328004
0.16682128 0.83317872
0.16682128 0.83317872
0.49460257 0.50539743
0.79905471 0.20094529
0.49460257 0.50539743
0.49460257 0.50539743
0.79905471 0.20094529
0.12520397 0.87479603
0.12520397 0.87479603
0.1669397 0.8330603
0.16705079 0.83294921
0.12520397 0.87479603
0.12515278 0.87484722
0.12515278 0.87484722
0.1669397 0.8330603
0.1669397 0.8330603
0.12520397 0.87479603
0.1251646 0.8748354
0.12515278 0.87484722
0.12520397 0.87479603
0.12515278 0.87484722
0.12515278 0.87484722
0.16675279 0.83324721
0.87446798 0.12553202
0.89137148 0.10862852
0.86013882 0.13986118
0.89137148 0.10862852
0.89137148 0.10862852
0.69762809 0.30237191
0.63055506 0.36944494
0.87446798 0.12553202
0.87446798 0.12553202
0.63055506 0.36944494
0.87446798 0.12553202
0.87446798 0.12553202
0.87446798 0.12553202
0.25009074 0.74990926
0.20079567 0.79920433
0.25009074 0.74990926
0.25009074 0.74990926
0.16674336 0.83325664
0.16674336 0.83325664
0.16674336 0.83325664
0.16674336 0.83325664
0.16671996 0.83328004
0.08348152 0.91651848
0.08876884 0.91123116
0.08344935 0.91655065
0.08738298 0.91261702
0.08341259 0.91658741
0.0874871 0.9125129
0.08349218 0.91650782
0.248459 0.751541
0.08572169 0.91427831
0.2904308 0.7095692
0.10011435 0.89988565
0.08350829 0.91649171
0.08348152 0.91651848
0.08876741 0.91123259
0.12518588 0.87481412
0.08876741 0.91123259
0.08876884 0.91123116
0.08876741 0.91123259
0.10845605 0.89154395
0.08878955 0.91121045
0.08876741 0.91123259
0.12518588 0.87481412
0.08349218 0.91650782
0.08341243 0.91658757
0.1001159 0.8998841
0.10621572 0.89378428
0.10012303 0.89987697
0.10023342 0.89976658
0.10012459 0.89987541
0.16701481 0.83298519
0.10621028 0.89378972
0.1062124 0.8937876
0.1251822 0.8748178
0.1251822 0.8748178
0.16701481 0.83298519
0.10021561 0.89978439
0.1251822 0.8748178
0.16701481 0.83298519
0.12538158 0.87461842
0.10014909 0.89985091
0.10008559 0.89991441
0.10612189 0.89387811
0.10838738 0.89161262
0.10037079 0.89962921
0.10844384 0.89155616
0.10844384 0.89155616
0.10617457 0.89382543
0.10028993 0.89971007
0.10844384 0.89155616
0.12523975 0.87476025
0.36627261 0.63372739
0.10016535 0.89983465
0.12513499 0.87486501
0.12520586 0.87479414
0.16679438 0.83320562
0.13121165 0.86878835
0.12507114 0.87492886
0.13981991 0.86018009
0.13568867 0.86431133
0.16679854 0.83320146
0.10017436 0.89982564
0.10017563 0.89982437
0.12518364 0.87481636
0.12525235 0.87474765
0.1252043 0.8747957
0.10011456 0.89988544
0.13586256 0.86413744
0.29954068 0.70045932
0.29868373 0.70131627
0.10017563 0.89982437
0.12514242 0.87485758
0.10014571 0.89985429
0.10014445 0.89985555
0.29952818 0.70047182
0.29873474 0.70126526
0.10616547 0.89383453
0.10621238 0.89378762
0.1251153 0.8748847
0.29979838 0.70020162
0.13575678 0.86424322
0.12518207 0.87481793
0.12525283 0.87474717
0.12511768 0.87488232
0.10011189 0.89988811
0.16701478 0.83298522
0.10624299 0.89375701
0.10023835 0.89976165
0.12513588 0.87486412
0.16701478 0.83298522
0.13088521 0.86911479
0.89174889 0.10825111
0.50017701 0.49982299
0.89174889 0.10825111
0.58106324 0.41893676
0.57947753 0.42052247
0.57939075 0.42060925
0.63255315 0.36744685
0.62465702 0.37534298
0.69960397 0.30039603
0.58106324 0.41893676
0.85020038 0.14979962
0.57939075 0.42060925
0.59245052 0.40754948
0.57947753 0.42052247
0.89174889 0.10825111
0.69947556 0.30052444
0.89173907 0.10826093
0.87685871 0.12314129
0.63255315 0.36744685
0.69960397 0.30039603
0.89174889 0.10825111
0.62476463 0.37523537
0.50022158 0.49977842
0.49937161 0.50062839
0.69960397 0.30039603
0.89174889 0.10825111
0.63255315 0.36744685
0.63464332 0.36535668
0.8616713 0.1383287
0.63255315 0.36744685
0.63293328 0.36706672
0.63243884 0.36756116
0.63293328 0.36706672
0.63243884 0.36756116
0.87685871 0.12314129
0.85020038 0.14979962
0.63464332 0.36535668
0.50022158 0.49977842
0.57939075 0.42060925
0.63255315 0.36744685
0.63255315 0.36744685
0.63255315 0.36744685
0.63293328 0.36706672
0.87685871 0.12314129
0.87685871 0.12314129
0.62188222 0.37811778
0.57939075 0.42060925
0.57939075 0.42060925
0.82965989 0.17034011
0.62188222 0.37811778
0.63293328 0.36706672
0.87487348 0.12512652
0.63255315 0.36744685
0.57947753 0.42052247
0.63293328 0.36706672
0.63293328 0.36706672
0.63293328 0.36706672
0.87685871 0.12314129
0.57947753 0.42052247
0.50022158 0.49977842
0.59254477 0.40745523
0.63293328 0.36706672
0.87685871 0.12314129
0.87487348 0.12512652
0.63293328 0.36706672
0.87685871 0.12314129
0.63255315 0.36744685
0.87685871 0.12314129
0.50022158 0.49977842
0.63464332 0.36535668
0.70195081 0.29804919
0.86049968 0.13950032
0.87685871 0.12314129
0.63293328 0.36706672
0.87685871 0.12314129
0.57864911 0.42135089
0.59254477 0.40745523
0.63293328 0.36706672
0.63255315 0.36744685
0.63255315 0.36744685
0.63293328 0.36706672
0.57939075 0.42060925
0.63255315 0.36744685
0.87685871 0.12314129
0.87685871 0.12314129
0.63255315 0.36744685
0.63293328 0.36706672
0.49956276 0.50043724
0.63255315 0.36744685
0.50018545 0.49981455
0.12536111 0.87463889
0.12504147 0.87495853
0.10033387 0.89966613
0.10351014 0.89648986
0.1000725 0.8999275
0.10014814 0.89985186
0.1035327 0.8964673
0.29606378 0.70393622
0.10836569 0.89163431
0.1251889 0.8748111
0.10342278 0.89657722
0.10345266 0.89654734
0.12504964 0.87495036
0.37088211 0.62911789
0.13078384 0.86921616
0.1002032 0.8997968
0.10338732 0.89661268
0.29896482 0.70103518
0.1035327 0.8964673
0.10338583 0.89661417
0.10835822 0.89164178
0.10345266 0.89654734
0.10002614 0.89997386
0.10338732 0.89661268
0.12504964 0.87495036
0.37097247 0.62902753
0.12515704 0.87484296
0.13246048 0.86753952
0.18204651 0.81795349
0.13078054 0.86921946
0.13246048 0.86753952
0.1253949 0.8746051
0.13246048 0.86753952
0.13078384 0.86921616
0.13265395 0.86734605
0.125039 0.874961
0.10006882 0.89993118
0.12515741 0.87484259
0.10010874 0.89989126
0.1001085 0.8998915
0.10010139 0.89989861
0.132258 0.867742
0.13985452 0.86014548
0.13985452 0.86014548
0.10007371 0.89992629
0.29915653 0.70084347
0.12511559 0.87488441
0.12507673 0.87492327
0.12506855 0.87493145
0.10009577 0.89990423
0.25031456 0.74968544
0.13985452 0.86014548
0.17888821 0.82111179
0.29912547 0.70087453
0.10010874 0.89989126
0.10340697 0.89659303
0.12515741 0.87484259
0.10005527 0.89994473
0.13081893 0.86918107
0.12511004 0.87488996
0.29912547 0.70087453
0.13985452 0.86014548
0.10006912 0.89993088
0.12506597 0.87493403
0.37118112 0.62881888
0.50022186 0.49977814
0.16669552 0.83330448
0.10015207 0.89984793
0.10345871 0.89654129
0.12538355 0.87461645
0.1083696 0.8916304
0.1251383 0.8748617
0.10020832 0.89979168
0.10009251 0.89990749
0.10011568 0.89988432
0.1251383 0.8748617
0.1251465 0.8748535
0.1084465 0.8915535
0.12509056 0.87490944
0.10009251 0.89990749
0.10011694 0.89988306
0.1251379 0.8748621
0.1251383 0.8748617
0.1083696 0.8916304
0.10011568 0.89988432
0.10008734 0.89991266
0.1002154 0.8997846
0.1002154 0.8997846
0.1002154 0.8997846
0.1002154 0.8997846
0.8682482 0.1317518
0.69998992 0.30001008
0.35365461 0.64634539
0.86825136 0.13174864
0.88868482 0.11131518
0.62476506 0.37523494
0.6998615 0.3001385
0.89605442 0.10394558
0.89605442 0.10394558
0.88868482 0.11131518
0.6998615 0.3001385
0.88868482 0.11131518
0.89605442 0.10394558
0.8682482 0.1317518
0.88868482 0.11131518
0.8682482 0.1317518
0.85449954 0.14550046
0.88868482 0.11131518
0.47577239 0.52422761
0.86825136 0.13174864
0.86825136 0.13174864
0.86825136 0.13174864
0.86825136 0.13174864
0.35251403 0.64748597
0.88868482 0.11131518
0.88868482 0.11131518
0.69998992 0.30001008
0.6998615 0.3001385
0.88869999 0.11130001
0.35251403 0.64748597
0.89605442 0.10394558
0.88868482 0.11131518
0.88868482 0.11131518
0.6998615 0.3001385
0.88868482 0.11131518
0.47577239 0.52422761
0.88868482 0.11131518
0.35251403 0.64748597
0.69998992 0.30001008
0.88868482 0.11131518
0.88868482 0.11131518
0.88868482 0.11131518
0.88868482 0.11131518
0.5020597 0.4979403
0.88868482 0.11131518
0.88868482 0.11131518
0.61681937 0.38318063
0.88868482 0.11131518
0.88868482 0.11131518
0.88868482 0.11131518
0.88868482 0.11131518
0.88868482 0.11131518
0.88868482 0.11131518
0.6998615 0.3001385
0.88868482 0.11131518
0.88868482 0.11131518
0.69998992 0.30001008
0.85449954 0.14550046
0.88868482 0.11131518
0.88868482 0.11131518
0.88868482 0.11131518
0.88868482 0.11131518
0.88868482 0.11131518
0.88868482 0.11131518
0.35251403 0.64748597
0.69998992 0.30001008
0.88868482 0.11131518
0.88868482 0.11131518
0.88868482 0.11131518
0.88868482 0.11131518
0.88868482 0.11131518
0.88868482 0.11131518
0.88868482 0.11131518
0.88868482 0.11131518
0.88868482 0.11131518
0.88868482 0.11131518
0.35251403 0.64748597
0.88868482 0.11131518
0.6998615 0.3001385
0.86825136 0.13174864
0.88868482 0.11131518
0.88868482 0.11131518
0.88868482 0.11131518
0.88868482 0.11131518
0.88868482 0.11131518
0.88868482 0.11131518
0.85449954 0.14550046
0.69998992 0.30001008
0.69998992 0.30001008
0.88868482 0.11131518
0.10844559 0.89155441
0.10852802 0.89147198
0.20073858 0.79926142
0.1766447 0.8233553
0.16677297 0.83322703
0.50162265 0.49837735
0.13978982 0.86021018
0.36790503 0.63209497
0.36790503 0.63209497
0.36514384 0.63485616
0.1766447 0.8233553
0.88058622 0.11941378
0.52003177 0.47996823
0.86042852 0.13957148
0.89176829 0.10823171
0.62423281 0.37576719
0.51156891 0.48843109
0.50052806 0.49947194
0.6340828 0.3659172
0.50090435 0.49909565
0.51192098 0.48807902
0.83328085 0.16671915
0.89291713 0.10708287
0.64857289 0.35142711
0.36787556 0.63212444
0.10852099 0.89147901
0.3696242 0.6303758
0.29957781 0.70042219
0.30137893 0.69862107
0.51266339 0.48733661
0.49924814 0.50075186
0.13977407 0.86022593
0.14227273 0.85772727
0.50111138 0.49888862
0.87477608 0.12522392
0.87473444 0.12526556
0.36647706 0.63352294
0.89989996 0.10010004
0.12587286 0.87412714
0.87483625 0.12516375
0.89995188 0.10004812
0.36899396 0.63100604
0.63325971 0.36674029
0.36832865 0.63167135
0.36627033 0.63372967
0.36741246 0.63258754
0.86054821 0.13945179
0.89179566 0.10820434
0.50158906 0.49841094
0.89167714 0.10832286
0.87478081 0.12521919
0.87442007 0.12557993
0.88064428 0.11935572
0.83558595 0.16441405
0.17689994 0.82310006
0.17689994 0.82310006
0.51559545 0.48440455
0.89178572 0.10821428
0.10837675 0.89162325
0.36834146 0.63165854
0.89173205 0.10826795
0.62460471 0.37539529
0.70093751 0.29906249
0.62471409 0.37528591
0.89991736 0.10008264
0.87481626 0.12518374
0.87482042 0.12517958
0.83236577 0.16763423
0.8076338 0.1923662
0.5020814 0.4979186
0.13985378 0.86014622
0.8999214 0.1000786
0.83317816 0.16682184
0.74970252 0.25029748
0.89989314 0.10010686
0.50195162 0.49804838
0.10014919 0.89985081
0.83317816 0.16682184
0.89178173 0.10821827
0.63193288 0.36806712
0.3016582 0.6983418
0.51862194 0.48137806
0.3691348 0.6308652
0.89989996 0.10010004
0.51370531 0.48629469
0.62503346 0.37496654
0.89964631 0.10035369
0.1397783 0.8602217
0.30086763 0.69913237
0.10006579 0.89993421
0.89981443 0.10018557
0.89981443 0.10018557
0.7010673 0.2989327
0.89985296 0.10014704
0.62591565 0.37408435
0.70011381 0.29988619
0.89997363 0.10002637
0.87491213 0.12508787
0.89994218 0.10005782
0.87491213 0.12508787
0.8332603 0.1667397
0.87491213 0.12508787
0.69952246 0.30047754
0.62501308 0.37498692
0.70119078 0.29880922
0.62553154 0.37446846
0.69993234 0.30006766
0.7007576 0.2992424
0.89985364 0.10014636
0.87474132 0.12525868
0.89962576 0.10037424
0.89987514 0.10012486
0.62434715 0.37565285
0.70004328 0.29995672
0.50025241 0.49974759
0.50025241 0.49974759
0.49989059 0.50010941
0.70000347 0.29999653
0.70000347 0.29999653
0.69938559 0.30061441
0.89990551 0.10009449
0.50100614 0.49899386
0.89959019 0.10040981
0.62501308 0.37498692
0.69942605 0.30057395
0.49851347 0.50148653
0.50026081 0.49973919
0.70001896 0.29998104
0.62501308 0.37498692
0.70001896 0.29998104
0.69980472 0.30019528
0.49989059 0.50010941
0.70013813 0.29986187
0.89987263 0.10012737
0.89987263 0.10012737
0.62685598 0.37314402
0.62685598 0.37314402
0.70004328 0.29995672
0.49989059 0.50010941
0.49989059 0.50010941
0.49795796 0.50204204
0.69991616 0.30008384
0.50026081 0.49973919
0.4993608 0.5006392
0.83257345 0.16742655
0.50025241 0.49974759
0.50026081 0.49973919
0.6987848 0.3012152
0.62501308 0.37498692
0.62553154 0.37446846
0.70119078 0.29880922
0.4993608 0.5006392
0.50026081 0.49973919
0.70096624 0.29903376
0.70096624 0.29903376
0.89997269 0.10002731
0.89996432 0.10003568
0.70096624 0.29903376
0.89987365 0.10012635
0.89994264 0.10005736
0.8999315 0.1000685
0.89994721 0.10005279
0.89994721 0.10005279
0.89996432 0.10003568
0.8999346 0.1000654
0.89992563 0.10007437
0.37522002 0.62477998
0.6990088 0.3009912
0.49989059 0.50010941
0.50026081 0.49973919
0.69999036 0.30000964
0.87479715 0.12520285
0.70096624 0.29903376
0.4998592 0.5001408
0.8999603 0.1000397
0.69998971 0.30001029
0.69917186 0.30082814
0.6250911 0.3749089
0.89996432 0.10003568
0.89996432 0.10003568
0.62457667 0.37542333
0.49856025 0.50143975
0.89992389 0.10007611
0.89972109 0.10027891
0.62408981 0.37591019
0.87489778 0.12510222
0.74967942 0.25032058
0.83316152 0.16683848
0.83320555 0.16679445
0.74998379 0.25001621
0.74998379 0.25001621
0.87484461 0.12515539
0.63277976 0.36722024
0.63288491 0.36711509
0.63288491 0.36711509
0.86054821 0.13945179
0.86054821 0.13945179
0.63288491 0.36711509
0.63288491 0.36711509
0.50023408 0.49976592
0.63158034 0.36841966
0.89045957 0.10954043
0.6327305 0.3672695
0.63244397 0.36755603
0.36751534 0.63248466
0.8917366 0.1082634
0.63392839 0.36607161
0.89172052 0.10827948
0.89173757 0.10826243
0.63233882 0.36766118
0.89990557 0.10009443
0.87487996 0.12512004
0.87477597 0.12522403
0.8998638 0.1001362
0.89969928 0.10030072
0.87495117 0.12504883
0.89988999 0.10011001
0.87463406 0.12536594
0.87484172 0.12515828
0.83314099 0.16685901
0.87486042 0.12513958
0.8746866 0.1253134
0.89988054 0.10011946
0.89986093 0.10013907
0.72430418 0.27569582
0.8998629 0.1001371
0.89990009 0.10009991
0.89179532 0.10820468
0.89179532 0.10820468
0.89174742 0.10825258
0.87490448 0.12509552
0.62378978 0.37621022
0.62591565 0.37408435
0.87490817 0.12509183
0.87483068 0.12516932
0.89987224 0.10012776
0.70062729 0.29937271
0.87488616 0.12511384
0.87493855 0.12506145
0.87495735 0.12504265
0.87488616 0.12511384
0.8749291 0.1250709
0.8749291 0.1250709
0.3676239 0.6323761
0.63233882 0.36766118
0.87490569 0.12509431
0.86044956 0.13955044
0.79990764 0.20009236
0.63274318 0.36725682
0.79964512 0.20035488
0.79964512 0.20035488
0.89990708 0.10009292
0.49916258 0.50083742
0.8998454 0.1001546
0.87493001 0.12506999
0.62591565 0.37408435
0.89993931 0.10006069
0.49885018 0.50114982
0.83318282 0.16681718
0.62469317 0.37530683
0.3743481 0.6256519
0.37431663 0.62568337
0.62439229 0.37560771
0.62493494 0.37506506
0.6344346 0.3655654
0.37389332 0.62610668
0.63759123 0.36240877
0.8749685 0.1250315
0.83324545 0.16675455
0.63209799 0.36790201
0.50488463 0.49511537
0.89989702 0.10010298
0.62503346 0.37496654
0.10431503 0.89568497
0.37583565 0.62416435
0.69870918 0.30129082
0.8748161 0.1251839
0.14003887 0.85996113
0.50252996 0.49747004
0.70831676 0.29168324
0.14003887 0.85996113
0.3758121 0.6241879
0.50469764 0.49530236
0.10849387 0.89150613
0.63198535 0.36801465
0.50391289 0.49608711
0.10431503 0.89568497
0.29379974 0.70620026
0.50252996 0.49747004
0.29402549 0.70597451
0.50534438 0.49465562
0.50534438 0.49465562
0.87463261 0.12536739
0.83330812 0.16669188
0.7078848 0.2921152
0.50581487 0.49418513
0.83323076 0.16676924
0.63248891 0.36751109
0.7078848 0.2921152
0.10012678 0.89987322
0.63324077 0.36675923
0.62433679 0.37566321
0.70297005 0.29702995
0.62749842 0.37250158
0.50024896 0.49975104
0.6239624 0.3760376
0.50140026 0.49859974
0.89168681 0.10831319
0.62447987 0.37552013
0.50005035 0.49994965
0.37606757 0.62393243
0.62453528 0.37546472
0.30100725 0.69899275
0.62503346 0.37496654
0.8331662 0.1668338
0.87497246 0.12502754
0.29891769 0.70108231
0.89997269 0.10002731
0.36748769 0.63251231
0.37619891 0.62380109
0.86566714 0.13433286
0.89998381 0.10001619
0.63274318 0.36725682
0.62469317 0.37530683
0.89991719 0.10008281
0.63274318 0.36725682
0.63274318 0.36725682
0.6246494 0.3753506
0.8999386 0.1000614
0.63199285 0.36800715
0.89176829 0.10823171
0.62469317 0.37530683
0.62479657 0.37520343
0.87471479 0.12528521
0.63313488 0.36686512
0.87488223 0.12511777
0.8916607 0.1083393
0.87488223 0.12511777
0.62424555 0.37575445
0.89990979 0.10009021
0.89989567 0.10010433
0.83320849 0.16679151
0.89991926 0.10008074
0.89161792 0.10838208
0.87483285 0.12516715
0.87485589 0.12514411
0.87492736 0.12507264
0.87492736 0.12507264
0.87492736 0.12507264
0.69990965 0.30009035
0.62448134 0.37551866
0.69867644 0.30132356
0.89993615 0.10006385
0.83317124 0.16682876
0.49320381 0.50679619
0.10012217 0.89987783
0.89982296 0.10017704
0.89976931 0.10023069
0.87486496 0.12513504
0.12530031 0.87469969
0.37611446 0.62388554
0.11315216 0.88684784
0.29891354 0.70108646
0.14912898 0.85087102
0.49761782 0.50238218
0.6994885 0.3005115
0.87489785 0.12510215
0.69927767 0.30072233
0.8999665 0.1000335
0.8999384 0.1000616
0.87483799 0.12516201
0.89985658 0.10014342
0.74998379 0.25001621
0.87483799 0.12516201
0.16689029 0.83310971
0.49971279 0.50028721
0.89988442 0.10011558
0.89982829 0.10017171
0.62503346 0.37496654
0.87477297 0.12522703
0.85141053 0.14858947
0.83313432 0.16686568
0.87479061 0.12520939
0.89288854 0.10711146
0.83320823 0.16679177
0.87481663 0.12518337
0.8331632 0.1668368
0.83320194 0.16679806
0.10007616 0.89992384
0.8748145 0.1251855
0.87493415 0.12506585
0.83330812 0.16669188
0.8748671 0.1251329
0.8331362 0.1668638
0.62385208 0.37614792
0.3908378 0.6091622
0.89455375 0.10544625
0.49618581 0.50381419
0.62430266 0.37569734
0.87493334 0.12506666
0.89987015 0.10012985
0.83319958 0.16680042
0.83327445 0.16672555
0.83327445 0.16672555
0.50012229 0.49987771
0.87488004 0.12511996
0.14903526 0.85096474
0.87486551 0.12513449
0.4982203 0.5017797
0.87476791 0.12523209
0.10637159 0.89362841
0.8748982 0.1251018
0.83317621 0.16682379
0.39220948 0.60779052
0.89179532 0.10820468
0.87482149 0.12517851
0.39087354 0.60912646
0.87493637 0.12506363
0.62683532 0.37316468
0.83319752 0.16680248
0.83323378 0.16676622
0.74277506 0.25722494
0.11303631 0.88696369
0.86026587 0.13973413
0.37796968 0.62203032
0.69954566 0.30045434
0.62447987 0.37552013
0.87487155 0.12512845
0.47833851 0.52166149
0.10856063 0.89143937
0.53707452 0.46292548
0.87481663 0.12518337
0.8330954 0.1669046
0.37328658 0.62671342
0.29768821 0.70231179
0.8748982 0.1251018
0.89987455 0.10012545
0.62325013 0.37674987
0.87494328 0.12505672
0.12511729 0.87488271
0.74998379 0.25001621
0.13977514 0.86022486
0.50049004 0.49950996
0.64351288 0.35648712
0.10025061 0.89974939
0.30069633 0.69930367
0.33721359 0.66278641
0.74977397 0.25022603
0.83314623 0.16685377
0.10842045 0.89157955
0.1149099 0.8850901
0.29954204 0.70045796
0.13221539 0.86778461
0.10008611 0.89991389
0.12505791 0.87494209
0.104271 0.895729
0.11489933 0.88510067
0.13219062 0.86780938
0.12521794 0.87478206
0.10009848 0.89990152
0.10008611 0.89991389
0.29954204 0.70045796
0.10008611 0.89991389
0.29998997 0.70001003
0.10008611 0.89991389
0.29998997 0.70001003
0.49972751 0.50027249
0.49972751 0.50027249
0.50136626 0.49863374
0.62393063 0.37606937
0.37491902 0.62508098
0.84149285 0.15850715
0.84149285 0.15850715
0.4758128 0.5241872
0.16677417 0.83322583
0.49871765 0.50128235
0.15342702 0.84657298
0.13977514 0.86022486
0.50022068 0.49977932
0.44490771 0.55509229
0.12507975 0.87492025
0.13225794 0.86774206
0.15330443 0.84669557
0.13225186 0.86774814
0.1083553 0.8916447
0.30009912 0.69990088
0.36639088 0.63360912
0.1083966 0.8916034
0.29780517 0.70219483
0.10842928 0.89157072
0.10842928 0.89157072
0.10004846 0.89995154
0.10009677 0.89990323
0.30008374 0.69991626
0.29961994 0.70038006
0.1398818 0.8601182
0.36907331 0.63092669
0.10009677 0.89990323
0.36907331 0.63092669
0.10842928 0.89157072
0.10428466 0.89571534
0.10009677 0.89990323
0.10004846 0.89995154
0.30008374 0.69991626
0.10846837 0.89153163
0.1083553 0.8916447
0.29961994 0.70038006
0.11487468 0.88512532
0.10842928 0.89157072
0.37509166 0.62490834
0.29961994 0.70038006
0.29961994 0.70038006
0.30009912 0.69990088
0.10009677 0.89990323
0.79892326 0.20107674
0.79892326 0.20107674
0.79892326 0.20107674
0.73942908 0.26057092
0.73942908 0.26057092
0.73942908 0.26057092
0.73942908 0.26057092
0.79892326 0.20107674
0.7722441 0.2277559
0.25623192 0.74376808
0.25623192 0.74376808
0.73942908 0.26057092
0.10854527 0.89145473
0.3008493 0.6991507
0.30036534 0.69963466
0.50062231 0.49937769
0.49080572 0.50919428
0.58548561 0.41451439
0.13977974 0.86022026
0.13990631 0.86009369
0.18203403 0.81796597
0.37443406 0.62556594
0.37441106 0.62558894
0.37443406 0.62556594
0.13218739 0.86781261
0.69941794 0.30058206
0.49996375 0.50003625
0.83328924 0.16671076
0.30133628 0.69866372
0.50838729 0.49161271
0.50069968 0.49930032
0.7019271 0.2980729
0.87496317 0.12503683
0.30074667 0.69925333
0.30074667 0.69925333
0.29921651 0.70078349
0.50519687 0.49480313
0.5049355 0.4950645
0.10882807 0.89117193
0.87473403 0.12526597
0.83325435 0.16674565
0.10020733 0.89979267
0.37476075 0.62523925
0.37766 0.62234
0.30074667 0.69925333
0.30068329 0.69931671
0.5038163 0.4961837
0.62468232 0.37531768
0.62481634 0.37518366
0.62481634 0.37518366
0.50402523 0.49597477
0.50402523 0.49597477
0.50000701 0.49999299
0.29949096 0.70050904
0.37691266 0.62308734
0.50205942 0.49794058
0.16680703 0.83319297
0.71561571 0.28438429
0.70311724 0.29688276
0.12512998 0.87487002
0.30074667 0.69925333
0.70307288 0.29692712
0.70311724 0.29688276
0.50134734 0.49865266
0.69979482 0.30020518
0.37733321 0.62266679
0.87493494 0.12506506
0.83326636 0.16673364
0.50069968 0.49930032
0.37404371 0.62595629
0.50176737 0.49823263
0.62756502 0.37243498
0.50176737 0.49823263
0.62916021 0.37083979
0.62916021 0.37083979
0.63586075 0.36413925
0.86052514 0.13947486
0.62916021 0.37083979
0.62481634 0.37518366
0.5049355 0.4950645
0.37476075 0.62523925
0.69883538 0.30116462
0.50134734 0.49865266
0.62916021 0.37083979
0.50260318 0.49739682
0.86054398 0.13945602
0.50249044 0.49750956
0.70295583 0.29704417
0.30074667 0.69925333
0.89978617 0.10021383
0.69883538 0.30116462
0.89994506 0.10005494
0.37476075 0.62523925
0.62916021 0.37083979
0.62492395 0.37507605
0.87481558 0.12518442
0.50134734 0.49865266
0.37691266 0.62308734
0.62481634 0.37518366
0.62481634 0.37518366
0.89995267 0.10004733
0.87495249 0.12504751
0.89978617 0.10021383
0.89978617 0.10021383
0.89179739 0.10820261
0.87493777 0.12506223
0.83326636 0.16673364
0.83326636 0.16673364
0.50134734 0.49865266
0.89994506 0.10005494
0.50069968 0.49930032
0.62481634 0.37518366
0.89992029 0.10007971
0.83326636 0.16673364
0.69870915 0.30129085
0.87483032 0.12516968
0.62479657 0.37520343
0.63542773 0.36457227
0.62995287 0.37004713
0.85450959 0.14549041
0.50106876 0.49893124
0.10874018 0.89125982
0.7029465 0.2970535
0.10855438 0.89144562
0.13981251 0.86018749
0.87494696 0.12505304
0.3754731 0.6245269
0.36714866 0.63285134
0.37308975 0.62691025
0.47432779 0.52567221
0.50056906 0.49943094
0.66715806 0.33284194
0.166808 0.833192
0.37469065 0.62530935
0.63285313 0.36714687
0.87496952 0.12503048
0.6250911 0.3749089
0.49874811 0.50125189
0.83314321 0.16685679
0.41542199 0.58457801
0.87496317 0.12503683
0.86037801 0.13962199
0.30062529 0.69937471
0.50057752 0.49942248
0.41181234 0.58818766
0.29968152 0.70031848
0.29968152 0.70031848
0.69961692 0.30038308
0.89975468 0.10024532
0.3658834 0.6341166
0.62481634 0.37518366
0.37500785 0.62499215
0.11923167 0.88076833
0.87492141 0.12507859
0.87494847 0.12505153
0.13970027 0.86029973
0.8886477 0.1113523
0.63255846 0.36744154
0.89177104 0.10822896
0.89991952 0.10008048
0.62504742 0.37495258
0.89995445 0.10004555
0.36862351 0.63137649
0.29994921 0.70005079
0.63286802 0.36713198
0.37541304 0.62458696
0.14193144 0.85806856
0.35065156 0.64934844
0.41180505 0.58819495
0.37703366 0.62296634
0.87564753 0.12435247
0.6537413 0.3462587
0.89991619 0.10008381
0.89176414 0.10823586
0.10835878 0.89164122
0.67000865 0.32999135
0.87494696 0.12505304
0.29890239 0.70109761
0.8417982 0.1582018
0.10017884 0.89982116
0.85154786 0.14845214
0.89997816 0.10002184
0.6315381 0.3684619
0.36286153 0.63713847
0.10878178 0.89121822
0.69979473 0.30020527
0.88864194 0.11135806
0.89175047 0.10824953
0.69922032 0.30077968
0.69961692 0.30038308
0.50064554 0.49935446
0.10877763 0.89122237
0.89993498 0.10006502
0.88862053 0.11137947
0.63274318 0.36725682
0.89992825 0.10007175
0.11894978 0.88105022
0.8998746 0.1001254
0.87495092 0.12504908
0.50211397 0.49788603
0.89992645 0.10007355
0.10011662 0.89988338
0.69993589 0.30006411
0.49411442 0.50588558
0.14236162 0.85763838
0.89987795 0.10012205
0.83330812 0.16669188
0.87493865 0.12506135
0.89994552 0.10005448
0.83321194 0.16678806
0.87493901 0.12506099
0.83330186 0.16669814
0.87498139 0.12501861
0.70013813 0.29986187
0.89987207 0.10012793
0.62588161 0.37411839
0.89992382 0.10007618
0.49566991 0.50433009
0.83268381 0.16731619
0.83301499 0.16698501
0.2999929 0.7000071
0.10008051 0.89991949
0.30049053 0.69950947
0.4966243 0.5033757
0.70042123 0.29957877
0.8996689 0.1003311
0.89994552 0.10005448
0.87490576 0.12509424
0.89993741 0.10006259
0.89988697 0.10011303
0.62511144 0.37488856
0.87491562 0.12508438
0.74998379 0.25001621
0.47628796 0.52371204
0.89996047 0.10003953
0.37357955 0.62642045
0.83319386 0.16680614
0.50013034 0.49986966
0.13560536 0.86439464
0.74998379 0.25001621
0.37511638 0.62488362
0.1060881 0.8939119
0.10832811 0.89167189
0.35278628 0.64721372
0.10020871 0.89979129
0.10608771 0.89391229
0.1001068 0.8998932
0.10837853 0.89162147
0.2948635 0.7051365
0.13972219 0.86027781
0.1039976 0.8960024
0.13184635 0.86815365
0.37982668 0.62017332
0.12503139 0.87496861
0.12503995 0.87496005
0.29905793 0.70094207
0.30082905 0.69917095
0.29905793 0.70094207
0.30082905 0.69917095
0.70030724 0.29969276
0.29936715 0.70063285
0.49773972 0.50226028
0.49889353 0.50110647
0.87494663 0.12505337
0.29905793 0.70094207
0.36737916 0.63262084
0.10836686 0.89163314
0.5 0.5
0.50417607 0.49582393
0.8999591 0.1000409
0.74998379 0.25001621
0.37515174 0.62484826
0.87498139 0.12501861
0.6222737 0.3777263
0.69996909 0.30003091
0.10831252 0.89168748
0.1001068 0.8998932
0.29905793 0.70094207
0.33084459 0.66915541
0.10834899 0.89165101
0.63258666 0.36741334
0.87478741 0.12521259
0.89995293 0.10004707
0.10856063 0.89143937
0.63471558 0.36528442
0.37083805 0.62916195
0.11046601 0.88953399
0.11038746 0.88961254
0.29905793 0.70094207
0.37364105 0.62635895
0.86047625 0.13952375
0.13970077 0.86029923
0.1934926 0.8065074
0.6248362 0.3751638
0.10017828 0.89982172
0.10686032 0.89313968
0.10701772 0.89298228
0.10701772 0.89298228
0.106887 0.893113
0.106887 0.893113
0.29987123 0.70012877
0.10002591 0.89997409
0.48385011 0.51614989
0.10831296 0.89168704
0.10831296 0.89168704
0.10680424 0.89319576
0.10680424 0.89319576
0.10002591 0.89997409
0.10682883 0.89317117
0.10680424 0.89319576
0.36769214 0.63230786
0.37416474 0.62583526
0.29944131 0.70055869
0.10831296 0.89168704
0.10002826 0.89997174
0.10832269 0.89167731
0.106806 0.893194
0.10978013 0.89021987
0.10681869 0.89318131
0.37515174 0.62484826
0.74981857 0.25018143
0.10685771 0.89314229
0.10686288 0.89313712
0.1068557 0.8931443
0.10685771 0.89314229
0.13705137 0.86294863
0.10685747 0.89314253
0.10680424 0.89319576
0.10690789 0.89309211
0.10690789 0.89309211
0.10690789 0.89309211
0.10009427 0.89990573
0.10689953 0.89310047
0.10687038 0.89312962
0.70053277 0.29946723
0.10680424 0.89319576
0.12506077 0.87493923
0.1103851 0.8896149
0.37759623 0.62240377
0.29903573 0.70096427
0.10683784 0.89316216
0.11911092 0.88088908
0.49554844 0.50445156
0.10689953 0.89310047
0.10008833 0.89991167
0.10004482 0.89995518
0.10008833 0.89991167
0.10841597 0.89158403
0.36364997 0.63635003
0.10010731 0.89989269
0.50052333 0.49947667
0.10683084 0.89316916
0.35820173 0.64179827
0.10689953 0.89310047
0.10008976 0.89991024
0.28689302 0.71310698
0.10684501 0.89315499
0.30001507 0.69998493
0.12502882 0.87497118
0.29944131 0.70055869
0.10002186 0.89997814
0.10685874 0.89314126
0.10003263 0.89996737
0.10683084 0.89316916
0.10003952 0.89996048
0.10687571 0.89312429
0.10003952 0.89996048
0.10004101 0.89995899
0.10003922 0.89996078
0.10834171 0.89165829
0.10834171 0.89165829
0.13977407 0.86022593
0.36534401 0.63465599
0.10840242 0.89159758
0.12506077 0.87493923
0.49880528 0.50119472
0.1250293 0.8749707
0.36571351 0.63428649
0.12510771 0.87489229
0.12501948 0.87498052
0.12501976 0.87498024
0.12501976 0.87498024
0.10706212 0.89293788
0.1068363 0.8931637
0.12506077 0.87493923
0.36658496 0.63341504
0.63332792 0.36667208
0.36718673 0.63281327
0.63230048 0.36769952
0.36634558 0.63365442
0.36691699 0.63308301
0.63332792 0.36667208
0.86040353 0.13959647
0.36718673 0.63281327
0.46906091 0.53093909
0.29984602 0.70015398
0.63273857 0.36726143
0.36648182 0.63351818
0.36660631 0.63339369
0.6332511 0.3667489
0.79990764 0.20009236
0.10680898 0.89319102
0.10002928 0.89997072
0.62506614 0.37493386
0.63273857 0.36726143
0.63273857 0.36726143
0.36648182 0.63351818
0.87557322 0.12442678
0.6232563 0.3767437
0.12509516 0.87490484
0.10837004 0.89162996
0.36812384 0.63187616
0.48495052 0.51504948
0.49995687 0.50004313
0.89174729 0.10825271
0.63273857 0.36726143
0.6339949 0.3660051
0.63321741 0.36678259
0.7003859 0.2996141
0.89174729 0.10825271
0.87557322 0.12442678
0.12511955 0.87488045
0.89174729 0.10825271
0.87154941 0.12845059
0.89722926 0.10277074
0.50186361 0.49813639
0.36814376 0.63185624
0.29844269 0.70155731
0.89174729 0.10825271
0.6347491 0.3652509
0.46858613 0.53141387
0.34836155 0.65163845
0.63231854 0.36768146
0.82177131 0.17822869
0.85686214 0.14313786
0.297201 0.702799
0.63194703 0.36805297
0.1251045 0.8748955
0.89173407 0.10826593
0.49980849 0.50019151
0.86045255 0.13954745
0.10837313 0.89162687
0.36647612 0.63352388
0.86040353 0.13959647
0.36705864 0.63294136
0.50061823 0.49938177
0.70050952 0.29949048
0.63182774 0.36817226
0.13974413 0.86025587
0.86040353 0.13959647
0.19340134 0.80659866
0.19340134 0.80659866
0.29922854 0.70077146
0.63273857 0.36726143
0.63273857 0.36726143
0.36582327 0.63417673
0.10832044 0.89167956
0.49949233 0.50050767
0.29804591 0.70195409
0.36936909 0.63063091
0.6339949 0.3660051
0.62455453 0.37544547
0.4099411 0.5900589
0.63230048 0.36769952
0.86040353 0.13959647
0.63307278 0.36692722
0.36647612 0.63352388
0.89175329 0.10824671
0.63273857 0.36726143
0.63273186 0.36726814
0.89174729 0.10825271
0.29820094 0.70179906
0.49980849 0.50019151
0.63321741 0.36678259
0.63230048 0.36769952
0.2868598 0.7131402
0.30072616 0.69927384
0.10016404 0.89983596
0.10016404 0.89983596
0.10016404 0.89983596
0.30028007 0.69971993
0.50488463 0.49511537
0.5034261 0.4965739
0.50250276 0.49749724
0.30064649 0.69935351
0.37633766 0.62366234
0.50427762 0.49572238
0.86044956 0.13955044
0.63272153 0.36727847
0.89176829 0.10823171
0.63199285 0.36800715
0.89182977 0.10817023
0.63567783 0.36432217
0.6357878 0.3642122
0.49863978 0.50136022
0.8604712 0.1395288
0.8918276 0.1081724
0.63274318 0.36725682
0.63567783 0.36432217
0.5027109 0.4972891
0.49486436 0.50513564
0.69997253 0.30002747
0.29925288 0.70074712
0.30014991 0.69985009
0.10835517 0.89164483
0.89992615 0.10007385
0.89992615 0.10007385
0.89993431 0.10006569
0.89992615 0.10007385
0.50026081 0.49973919
0.50030656 0.49969344
0.87497246 0.12502754
0.37580097 0.62419903
0.87483032 0.12516968
0.63213164 0.36786836
0.50320006 0.49679994
0.62493494 0.37506506
0.70011381 0.29988619
0.86046106 0.13953894
0.87495023 0.12504977
0.29781478 0.70218522
0.86053492 0.13946508
0.83327739 0.16672261
0.63232168 0.36767832
0.89179854 0.10820146
0.89992138 0.10007862
0.89992138 0.10007862
0.87490397 0.12509603
0.89987663 0.10012337
0.83319411 0.16680589
0.62501308 0.37498692
0.89985169 0.10014831
0.69954104 0.30045896
0.12503709 0.87496291
0.37023388 0.62976612
0.63006419 0.36993581
0.49830294 0.50169706
0.50151433 0.49848567
0.83327806 0.16672194
0.87474159 0.12525841
0.89987925 0.10012075
0.87493001 0.12506999
0.87496051 0.12503949
0.86054821 0.13945179
0.12511385 0.87488615
0.87488128 0.12511872
0.89990985 0.10009015
0.89987381 0.10012619
0.89985093 0.10014907
0.63112703 0.36887297
0.2957411 0.7042589
0.89983666 0.10016334
0.6983678 0.3016322
0.89987381 0.10012619
0.3676239 0.6323761
0.10837313 0.89162687
0.10837313 0.89162687
0.10002523 0.89997477
0.3752079 0.6247921
0.43527413 0.56472587
0.36862036 0.63137964
0.10977491 0.89022509
0.37015703 0.62984297
0.69534106 0.30465894
0.89182162 0.10817838
0.65373653 0.34626347
0.89451837 0.10548163
0.62625106 0.37374894
0.65373653 0.34626347
0.53483601 0.46516399
0.53348389 0.46651611
0.65373653 0.34626347
0.19616508 0.80383492
0.89451837 0.10548163
0.86569916 0.13430084
0.53946544 0.46053456
0.39211259 0.60788741
0.65310903 0.34689097
0.69999128 0.30000872
0.83331592 0.16668408
0.36753199 0.63246801
0.83221933 0.16778067
0.39392969 0.60607031
0.30013546 0.69986454
0.39172857 0.60827143
0.30128565 0.69871435
0.8945119 0.1054881
0.39172857 0.60827143
0.69966382 0.30033618
0.79986794 0.20013206
0.50542458 0.49457542
0.53348389 0.46651611
0.87484099 0.12515901
0.54041016 0.45958984
0.3755348 0.6244652
0.87471516 0.12528484
0.87478651 0.12521349
0.8945119 0.1054881
0.86825018 0.13174982
0.86043208 0.13956792
0.87484099 0.12515901
0.8605237 0.1394763
0.87487108 0.12512892
0.49691772 0.50308228
0.49952056 0.50047944
0.79986794 0.20013206
0.54257603 0.45742397
0.83305221 0.16694779
0.16678355 0.83321645
0.49839448 0.50160552
0.72680852 0.27319148
0.8945119 0.1054881
0.83330812 0.16669188
0.8748721 0.1251279
0.83330812 0.16669188
0.87484892 0.12515108
0.8945119 0.1054881
0.53627891 0.46372109
0.47544934 0.52455066
0.89341537 0.10658463
0.49555811 0.50444189
0.39243605 0.60756395
0.12506371 0.87493629
0.87470289 0.12529711
0.89451837 0.10548163
0.87489512 0.12510488
0.70209232 0.29790768
0.64282917 0.35717083
0.30128565 0.69871435
0.65386002 0.34613998
0.62655595 0.37344405
0.89994218 0.10005782
0.54080613 0.45919387
0.30220902 0.69779098
0.3702577 0.6297423
0.83263624 0.16736376
0.83327112 0.16672888
0.74996541 0.25003459
0.49997239 0.50002761
0.83297175 0.16702825
0.62776188 0.37223812
0.49997239 0.50002761
0.87481995 0.12518005
0.62439818 0.37560182
0.87471116 0.12528884
0.5005294 0.4994706
0.63436128 0.36563872
0.50101038 0.49898962
0.86054821 0.13945179
0.5031853 0.4968147
0.63436128 0.36563872
0.37488382 0.62511618
0.88344258 0.11655742
0.70742677 0.29257323
0.10848266 0.89151734
0.70125058 0.29874942
0.8999591 0.1000409
0.89993164 0.10006836
0.8999591 0.1000409
0.87496317 0.12503683
0.87494028 0.12505972
0.71436883 0.28563117
0.83324664 0.16675336
0.87494663 0.12505337
0.83327663 0.16672337
0.87496317 0.12503683
0.62602976 0.37397024
0.87491751 0.12508249
0.623585 0.376415
0.87484003 0.12515997
0.70138602 0.29861398
0.89982862 0.10017138
0.87494257 0.12505743
0.87484003 0.12515997
0.89993164 0.10006836
0.8999591 0.1000409
0.83319676 0.16680324
0.89993164 0.10006836
0.83327663 0.16672337
0.50052385 0.49947615
0.87491751 0.12508249
0.87494028 0.12505972
0.83327663 0.16672337
0.87476356 0.12523644
0.8999591 0.1000409
0.87494028 0.12505972
0.87494028 0.12505972
0.83324371 0.16675629
0.87484003 0.12515997
0.89993164 0.10006836
0.87484003 0.12515997
0.83319676 0.16680324
0.87496317 0.12503683
0.87476356 0.12523644
0.87496317 0.12503683
0.87494028 0.12505972
0.87496317 0.12503683
0.87494028 0.12505972
0.83327663 0.16672337
0.87494028 0.12505972
0.87494028 0.12505972
0.87491751 0.12508249
0.87496317 0.12503683
0.84179697 0.15820303
0.62602976 0.37397024
0.83327663 0.16672337
0.87492304 0.12507696
0.83327663 0.16672337
0.87494028 0.12505972
0.87476356 0.12523644
0.70125058 0.29874942
0.89994885 0.10005115
0.87494028 0.12505972
0.87494028 0.12505972
0.87496317 0.12503683
0.86271219 0.13728781
0.87494028 0.12505972
0.83327663 0.16672337
0.87494028 0.12505972
0.86054543 0.13945457
0.87496317 0.12503683
0.87494028 0.12505972
0.83327663 0.16672337
0.83327663 0.16672337
0.4997085 0.5002915
0.87494028 0.12505972
0.87496317 0.12503683
0.87494028 0.12505972
0.87496317 0.12503683
0.89993164 0.10006836
0.87454986 0.12545014
0.87494663 0.12505337
0.87491751 0.12508249
0.6248732 0.3751268
0.83327663 0.16672337
0.83327663 0.16672337
0.87494614 0.12505386
0.86271219 0.13728781
0.86268342 0.13731658
0.87496317 0.12503683
0.89282852 0.10717148
0.83327663 0.16672337
0.87494028 0.12505972
0.62559604 0.37440396
0.75310345 0.24689655
0.86054794 0.13945206
0.8749588 0.1250412
0.89181646 0.10818354
0.89989201 0.10010799
0.86054355 0.13945645
0.8749588 0.1250412
0.8749588 0.1250412
0.86054794 0.13945206
0.89966921 0.10033079
0.89989201 0.10010799
0.86051675 0.13948325
0.74998379 0.25001621
0.83329207 0.16670793
0.8917577 0.1082423
0.74998379 0.25001621
0.83329207 0.16670793
0.89958576 0.10041424
0.89989201 0.10010799
0.89976845 0.10023155
0.89989201 0.10010799
0.89170942 0.10829058
0.8749588 0.1250412
0.89989201 0.10010799
0.89989201 0.10010799
0.86054794 0.13945206
0.89181646 0.10818354
0.8749588 0.1250412
0.89181646 0.10818354
0.89181646 0.10818354
0.89181646 0.10818354
0.89181646 0.10818354
0.89181646 0.10818354
0.89181646 0.10818354
0.89181646 0.10818354
0.89181646 0.10818354
0.83329207 0.16670793
0.89181646 0.10818354
0.89181646 0.10818354
0.89181646 0.10818354
0.89181646 0.10818354
0.86036914 0.13963086
0.89181646 0.10818354
0.89181646 0.10818354
0.89181646 0.10818354
0.89181646 0.10818354
0.89181646 0.10818354
0.89181646 0.10818354
0.89990356 0.10009644
0.50015926 0.49984074
0.89181646 0.10818354
0.89181646 0.10818354
0.89181646 0.10818354
0.89181646 0.10818354
0.86054794 0.13945206
0.83329207 0.16670793
0.89181646 0.10818354
0.83329207 0.16670793
0.87494039 0.12505961
0.89181646 0.10818354
0.86054794 0.13945206
0.89181646 0.10818354
0.89181646 0.10818354
0.89181646 0.10818354
0.89181646 0.10818354
0.89181646 0.10818354
0.89181646 0.10818354
0.83329207 0.16670793
0.89181646 0.10818354
0.83329207 0.16670793
0.89181646 0.10818354
0.83329207 0.16670793
0.89181646 0.10818354
0.83329207 0.16670793
0.89181646 0.10818354
0.89181646 0.10818354
0.89181646 0.10818354
0.89181646 0.10818354
0.89181646 0.10818354
0.89181646 0.10818354
0.83329207 0.16670793
0.83329207 0.16670793
0.89181646 0.10818354
0.89181646 0.10818354
0.83329207 0.16670793
0.8749588 0.1250412
0.89181646 0.10818354
0.89181646 0.10818354
0.83329207 0.16670793
0.89181646 0.10818354
0.83329207 0.16670793
0.89995585 0.10004415
0.89994698 0.10005302
0.62165942 0.37834058
0.89994698 0.10005302
0.8998976 0.1001024
0.89343834 0.10656166
0.64320992 0.35679008
0.89996968 0.10003032
0.89342538 0.10657462
0.69993746 0.30006254
0.89996921 0.10003079
0.70004789 0.29995211
0.89990697 0.10009303
0.88990038 0.11009962
0.88990038 0.11009962
0.88990038 0.11009962
0.88991911 0.11008089
0.89969401 0.10030599
0.8998845 0.1001155
0.89996193 0.10003807
0.89990697 0.10009303
0.89996732 0.10003268
0.8999507 0.1000493
0.8998976 0.1001024
0.89996035 0.10003965
0.89990274 0.10009726
0.89988609 0.10011391
0.89990274 0.10009726
0.89990274 0.10009726
0.89332806 0.10667194
0.88991589 0.11008411
0.89996035 0.10003965
0.87484578 0.12515422
0.89332806 0.10667194
0.69985023 0.30014977
0.89996968 0.10003032
0.69939438 0.30060562
0.69939438 0.30060562
0.69939438 0.30060562
0.87494003 0.12505997
0.89990274 0.10009726
0.89990274 0.10009726
0.89990274 0.10009726
0.89988609 0.10011391
0.89988609 0.10011391
0.69985023 0.30014977
0.89996035 0.10003965
0.89996193 0.10003807
0.8999065 0.1000935
0.89994751 0.10005249
0.8999507 0.1000493
0.89343834 0.10656166
0.89982608 0.10017392
0.87497024 0.12502976
0.88991911 0.11008089
0.89985373 0.10014627
0.89984026 0.10015974
0.89982608 0.10017392
0.87497024 0.12502976
0.62784794 0.37215206
0.62168017 0.37831983
0.87494003 0.12505997
0.87494003 0.12505997
0.89995821 0.10004179
0.89995821 0.10004179
0.89994698 0.10005302
0.89995821 0.10004179
0.49921625 0.50078375
0.85689778 0.14310222
0.89995631 0.10004369
0.89341616 0.10658384
0.64317187 0.35682813
0.69996078 0.30003922
0.69985023 0.30014977
0.70007054 0.29992946
0.62472754 0.37527246
0.61645534 0.38354466
0.89985373 0.10014627
0.86544062 0.13455938
0.70544 0.29456
0.899914 0.100086
0.89995729 0.10004271
0.89332806 0.10667194
0.70544467 0.29455533
0.89994855 0.10005145
0.69995757 0.30004243
0.69995757 0.30004243
0.893409 0.106591
0.89995821 0.10004179
0.89994581 0.10005419
0.89339668 0.10660332
0.37484613 0.62515387
0.37484613 0.62515387
0.12507069 0.87492931
0.12507069 0.87492931
0.12507069 0.87492931
0.12504303 0.87495697
0.12507069 0.87492931
0.37484613 0.62515387
0.12507069 0.87492931
0.13222716 0.86777284
0.37484613 0.62515387
0.12504561 0.87495439
0.12504561 0.87495439
0.12504303 0.87495697
0.12504303 0.87495697
0.12504561 0.87495439
0.12504561 0.87495439
0.12504561 0.87495439
0.12504561 0.87495439
0.12504561 0.87495439
0.12507069 0.87492931
0.12507069 0.87492931
0.12507069 0.87492931
0.12507069 0.87492931
0.13222716 0.86777284
0.12504303 0.87495697
0.12504303 0.87495697
0.12504303 0.87495697
0.10612184 0.89387816
0.12504561 0.87495439
0.16669782 0.83330218
0.12507069 0.87492931
0.12507069 0.87492931
0.16675279 0.83324721
0.12520006 0.87479994
0.25006528 0.74993472
0.16669782 0.83330218
0.12520006 0.87479994
0.12520006 0.87479994
0.16671996 0.83328004
0.10031234 0.89968766
0.1252144 0.8747856
0.12520006 0.87479994
0.12502311 0.87497689
0.12522792 0.87477208
0.12504303 0.87495697
0.12505074 0.87494926
0.12505074 0.87494926
0.12504777 0.87495223
0.10007083 0.89992917
0.12504303 0.87495697
0.12504303 0.87495697
0.12507069 0.87492931
0.37484613 0.62515387
0.12504303 0.87495697
0.12504777 0.87495223
0.12505035 0.87494965
0.3768094 0.6231906
0.3768094 0.6231906
0.16675279 0.83324721
0.12504303 0.87495697
0.12504303 0.87495697
0.1670564 0.8329436
0.12520006 0.87479994
0.12507069 0.87492931
0.12507069 0.87492931
0.12520006 0.87479994
0.1252144 0.8747856
0.12522314 0.87477686
0.1252144 0.8747856
0.12507069 0.87492931
0.13974754 0.86025246
0.13974754 0.86025246
0.13974754 0.86025246
0.13974754 0.86025246
0.13974754 0.86025246
0.37105183 0.62894817
0.12504561 0.87495439
0.12516144 0.87483856
0.12504561 0.87495439
0.12516144 0.87483856
0.16674336 0.83325664
0.16670294 0.83329706
0.16674336 0.83325664
0.16670294 0.83329706
0.16674336 0.83325664
0.16674336 0.83325664
0.12505417 0.87494583
0.16674336 0.83325664
0.16674336 0.83325664
0.29977637 0.70022363
0.1084043 0.8915957
0.10009524 0.89990476
0.10002638 0.89997362
0.13976237 0.86023763
0.10339651 0.89660349
0.13976237 0.86023763
0.20993745 0.79006255
0.10556496 0.89443504
0.10003386 0.89996614
0.10003386 0.89996614
0.10657574 0.89342426
0.1001149 0.8998851
0.10009395 0.89990605
0.12505432 0.87494568
0.1084043 0.8915957
0.37490371 0.62509629
0.10003511 0.89996489
0.10609562 0.89390438
0.1255857 0.8744143
0.10657574 0.89342426
0.1255857 0.8744143
0.10657574 0.89342426
0.10633719 0.89366281
0.10012548 0.89987452
0.12503892 0.87496108
0.12505135 0.87494865
0.37516892 0.62483108
0.10614698 0.89385302
0.11899942 0.88100058
0.100043 0.899957
0.10003386 0.89996614
0.37516892 0.62483108
0.12505135 0.87494865
0.29970265 0.70029735
0.10610608 0.89389392
0.10657574 0.89342426
0.30046508 0.69953492
0.16675992 0.83324008
0.10005173 0.89994827
0.12503644 0.87496356
0.10610608 0.89389392
0.10004726 0.89995274
0.29010062 0.70989938
0.10005197 0.89994803
0.10832542 0.89167458
0.37382563 0.62617437
0.35740352 0.64259648
0.1083331 0.8916669
0.1000369 0.8999631
0.12557287 0.87442713
0.12512678 0.87487322
0.3001896 0.6998104
0.12506656 0.87493344
0.12515405 0.87484595
0.1083176 0.8916824
0.13562852 0.86437148
0.10343241 0.89656759
0.12507901 0.87492099
0.1083176 0.8916824
0.29878964 0.70121036
0.12505432 0.87494568
0.35425074 0.64574926
0.10610608 0.89389392
0.10005048 0.89994952
0.34741913 0.65258087
0.1255857 0.8744143
0.10842225 0.89157775
0.62139886 0.37860114
0.1255857 0.8744143
0.10005018 0.89994982
0.10843619 0.89156381
0.16672102 0.83327898
0.12520144 0.87479856
0.29977637 0.70022363
0.1001031 0.8998969
0.11614026 0.88385974
0.11424695 0.88575305
0.10610608 0.89389392
0.50041071 0.49958929
0.10860213 0.89139787
0.13973578 0.86026422
0.11189876 0.88810124
0.10003511 0.89996489
0.10004726 0.89995274
0.1000655 0.8999345
0.11424695 0.88575305
0.11424695 0.88575305
0.50088455 0.49911545
0.10008037 0.89991963
0.12508266 0.87491734
0.12508266 0.87491734
0.12508266 0.87491734
0.12508266 0.87491734
0.10005377 0.89994623
0.10005377 0.89994623
0.10836112 0.89163888
0.10003176 0.89996824
0.10011812 0.89988188
0.100121 0.899879
0.100121 0.899879
0.12507473 0.87492527
0.12504777 0.87495223
0.12504777 0.87495223
0.12504777 0.87495223
0.59277227 0.40722773
0.33365759 0.66634241
0.33365759 0.66634241
0.30181764 0.69818236
0.49219185 0.50780815
0.49093608 0.50906392
0.5820302 0.4179698
0.8394747 0.1605253
0.49332695 0.50667305
0.49332695 0.50667305
0.49305782 0.50694218
0.10036879 0.89963121
0.13981156 0.86018844
0.10835829 0.89164171
0.10341837 0.89658163
0.36856266 0.63143734
0.4977905 0.5022095
0.86003972 0.13996028
0.79881433 0.20118567
0.1002926 0.8997074
0.10038047 0.89961953
0.10028579 0.89971421
0.10020651 0.89979349
0.49302186 0.50697814
0.86003972 0.13996028
0.37437159 0.62562841
0.13075561 0.86924439
0.13075561 0.86924439
0.20079567 0.79920433
0.17875245 0.82124755
0.12553658 0.87446342
0.36427193 0.63572807
0.12553658 0.87446342
0.13603129 0.86396871
0.10009251 0.89990749
0.10842397 0.89157603
0.10012836 0.89987164
0.1251383 0.8748617
0.36430433 0.63569567
0.29280524 0.70719476
0.12502272 0.87497728
0.16670294 0.83329706
0.12502311 0.87497689
0.12504777 0.87495223
0.7980136 0.2019864
0.7980136 0.2019864
0.7980136 0.2019864
0.13219938 0.86780062
0.16670294 0.83329706
0.37118112 0.62881888
0.12506855 0.87493145
0.12506558 0.87493442
0.62136203 0.37863797
0.36463832 0.63536168
0.62136203 0.37863797
0.62136203 0.37863797
0.79881433 0.20118567
0.85935369 0.14064631
0.85935369 0.14064631
0.49303306 0.50696694
0.49303306 0.50696694
0.49303306 0.50696694
0.6164837 0.3835163
0.10004963 0.89995037
0.29918212 0.70081788
0.10014008 0.89985992
0.11913688 0.88086312
0.36738685 0.63261315
0.36475674 0.63524326
0.36527509 0.63472491
0.12514893 0.87485107
0.12514893 0.87485107
0.29896482 0.70103518
0.13975473 0.86024527
0.12505366 0.87494634
0.10978737 0.89021263
0.10867173 0.89132827
0.13570136 0.86429864
0.19013431 0.80986569
0.63461721 0.36538279
0.37781906 0.62218094
0.16775177 0.83224823
0.19013431 0.80986569
0.49828297 0.50171703
0.10623858 0.89376142
0.38039257 0.61960743
0.49935787 0.50064213
0.85415092 0.14584908
0.63328609 0.36671391
0.13694493 0.86305507
0.49935787 0.50064213
0.63143254 0.36856746
0.13606262 0.86393738
0.62700887 0.37299113
0.89986569 0.10013431
0.35440305 0.64559695
0.63169812 0.36830188
0.4844855 0.5155145
0.47969163 0.52030837
0.62443038 0.37556962
0.47611471 0.52388529
0.49995844 0.50004156
0.63263362 0.36736638
0.63502935 0.36497065
0.10856982 0.89143018
0.89292618 0.10707382
0.12530199 0.87469801
0.78296229 0.21703771
0.30018563 0.69981437
0.19013431 0.80986569
0.89994229 0.10005771
0.10643344 0.89356656
0.10856982 0.89143018
0.89173407 0.10826593
0.85453269 0.14546731
0.19013431 0.80986569
0.11037503 0.88962497
0.1361361 0.8638639
0.16668974 0.83331026
0.19156282 0.80843718
0.88175971 0.11824029
0.12502272 0.87497728
0.13642652 0.86357348
0.49670999 0.50329001
0.88129983 0.11870017
0.19013431 0.80986569
0.20073597 0.79926403
0.1396999 0.8603001
0.10647872 0.89352128
0.10830344 0.89169656
0.61455999 0.38544001
0.49935312 0.50064688
0.1361361 0.8638639
0.78305284 0.21694716
0.30233993 0.69766007
0.14880989 0.85119011
0.10001434 0.89998566
0.49935787 0.50064213
0.47611471 0.52388529
0.51190471 0.48809529
0.47641 0.52359
0.10002157 0.89997843
0.89292618 0.10707382
0.49827814 0.50172186
0.30095185 0.69904815
0.19013431 0.80986569
0.4859429 0.5140571
0.47611471 0.52388529
0.13560417 0.86439583
0.14978834 0.85021166
0.476031 0.523969
0.53492222 0.46507778
0.10029964 0.89970036
0.21008574 0.78991426
0.13607011 0.86392989
0.16669031 0.83330969
0.16668974 0.83331026
0.30165153 0.69834847
0.35306223 0.64693777
0.10625029 0.89374971
0.13560417 0.86439583
0.37630265 0.62369735
0.50004861 0.49995139
0.10830128 0.89169872
0.62555264 0.37444736
0.10006569 0.89993431
0.10006569 0.89993431
0.10006569 0.89993431
0.10006569 0.89993431
0.10006569 0.89993431
0.10006569 0.89993431
0.10005126 0.89994874
0.1000571 0.8999429
0.10005859 0.89994141
0.1000568 0.8999432
0.298939 0.701061
0.30000718 0.69999282
0.29891395 0.70108605
0.1000571 0.8999429
0.10010154 0.89989846
0.10006569 0.89993431
0.10004089 0.89995911
0.10010154 0.89989846
0.10008529 0.89991471
0.10003894 0.89996106
0.10008191 0.89991809
0.10008364 0.89991636
0.10008191 0.89991809
0.10008191 0.89991809
0.12513184 0.87486816
0.10008191 0.89991809
0.12505794 0.87494206
0.1000837 0.8999163
0.10831712 0.89168288
0.12506354 0.87493646
0.12509003 0.87490997
0.1000837 0.8999163
0.1000837 0.8999163
0.10004238 0.89995762
0.36710182 0.63289818
0.10010518 0.89989482
0.29935429 0.70064571
0.12513184 0.87486816
0.29877148 0.70122852
0.14384817 0.85615183
0.1000571 0.8999429
0.12600206 0.87399794
0.10008221 0.89991779
0.29875747 0.70124253
0.10005859 0.89994141
0.1000939 0.8999061
0.10010154 0.89989846
0.10008221 0.89991779
0.29921164 0.70078836
0.10003924 0.89996076
0.10008191 0.89991809
0.10005859 0.89994141
0.36747652 0.63252348
0.12509003 0.87490997
0.29894713 0.70105287
0.29890205 0.70109795
0.1000837 0.8999163
0.1000568 0.8999432
0.10004649 0.89995351
0.2991069 0.7008931
0.1000571 0.8999429
0.1000568 0.8999432
0.29894247 0.70105753
0.30007945 0.69992055
0.10011441 0.89988559
0.37412359 0.62587641
0.1000464 0.8999536
0.10005352 0.89994648
0.1000698 0.8999302
0.1000571 0.8999429
0.36574429 0.63425571
0.10008221 0.89991779
0.10004238 0.89995762
0.10005859 0.89994141
0.29877148 0.70122852
0.1000571 0.8999429
0.10003752 0.89996248
0.29893088 0.70106912
0.62549206 0.37450794
0.1000571 0.8999429
0.1000568 0.8999432
0.1000571 0.8999429
0.30020348 0.69979652
0.1000571 0.8999429
0.10008221 0.89991779
0.30007945 0.69992055
0.10010154 0.89989846
0.10008221 0.89991779
0.1000441 0.8999559
0.10004873 0.89995127
0.49856186 0.50143814
0.30005573 0.69994427
0.12503295 0.87496705
0.29670545 0.70329455
0.1002796 0.8997204
0.12503654 0.87496346
0.62395902 0.37604098
0.30474442 0.69525558
0.10008852 0.89991148
0.16671739 0.83328261
0.12503295 0.87496705
0.10002405 0.89997595
0.10842328 0.89157672
0.10009439 0.89990561
0.12503295 0.87496705
0.10003138 0.89996862
0.10014281 0.89985719
0.10009439 0.89990561
0.10014281 0.89985719
0.12503295 0.87496705
0.12503295 0.87496705
0.10012424 0.89987576
0.10002405 0.89997595
0.10002405 0.89997595
0.10004492 0.89995508
0.12503295 0.87496705
0.12503256 0.87496744
0.10002405 0.89997595
0.1000292 0.8999708
0.12503295 0.87496705
0.10014281 0.89985719
0.10009463 0.89990537
0.1000292 0.8999708
0.10003176 0.89996824
0.10005354 0.89994646
0.10003176 0.89996824
0.10014281 0.89985719
0.12504538 0.87495462
0.30005573 0.69994427
0.30474442 0.69525558
0.35575426 0.64424574
0.83314623 0.16685377
0.10005264 0.89994736
0.10642388 0.89357612
0.10014281 0.89985719
0.10015775 0.89984225
0.29989854 0.70010146
0.10014281 0.89985719
0.12503295 0.87496705
0.10002405 0.89997595
0.25005748 0.74994252
0.12503295 0.87496705
0.10005354 0.89994646
0.10058375 0.89941625
0.10005264 0.89994736
0.10014281 0.89985719
0.10003176 0.89996824
0.10014281 0.89985719
0.10003176 0.89996824
0.1000292 0.8999708
0.10005228 0.89994772
0.10002405 0.89997595
0.10012424 0.89987576
0.10005228 0.89994772
0.12503295 0.87496705
0.10005354 0.89994646
0.12503256 0.87496744
0.12503256 0.87496744
0.12503295 0.87496705
0.12503295 0.87496705
0.10003176 0.89996824
0.1000292 0.8999708
0.1000292 0.8999708
0.10003176 0.89996824
0.37397512 0.62602488
0.10014281 0.89985719
0.10005354 0.89994646
0.30089226 0.69910774
0.12503256 0.87496744
0.10012424 0.89987576
0.35575426 0.64424574
0.2887967 0.7112033
0.12503295 0.87496705
0.12503295 0.87496705
0.10009463 0.89990537
0.10003176 0.89996824
0.10005354 0.89994646
0.10014281 0.89985719
0.1000292 0.8999708
0.10005228 0.89994772
0.47530054 0.52469946
0.13184635 0.86815365
0.50004861 0.49995139
0.83328628 0.16671372
0.10001839 0.89998161
0.13563654 0.86436346
0.87446673 0.12553327
0.10834899 0.89165101
0.87489911 0.12510089
0.15046456 0.84953544
0.49661967 0.50338033
0.13560858 0.86439142
0.70000675 0.29999325
0.89981122 0.10018878
0.1000274 0.8999726
0.10029852 0.89970148
0.63174546 0.36825454
0.87486416 0.12513584
0.1318488 0.8681512
0.10001822 0.89998178
0.50064554 0.49935446
0.36749318 0.63250682
0.89990224 0.10009776
0.83330812 0.16669188
0.1250293 0.8749707
0.6223929 0.3776071
0.29942235 0.70057765
0.74959373 0.25040627
0.86053551 0.13946449
0.1250293 0.8749707
0.87493018 0.12506982
0.37071084 0.62928916
0.19033725 0.80966275
0.299202 0.700798
0.63074166 0.36925834
0.89462456 0.10537544
0.89165599 0.10834401
0.69835721 0.30164279
0.83273694 0.16726306
0.50151433 0.49848567
0.50642178 0.49357822
0.69745978 0.30254022
0.85573579 0.14426421
0.87496628 0.12503372
0.87493018 0.12506982
0.83275412 0.16724588
0.89984535 0.10015465
0.89980605 0.10019395
0.2948614 0.7051386
0.3001902 0.6998098
0.49735409 0.50264591
0.87477473 0.12522527
0.70004881 0.29995119
0.69936025 0.30063975
0.13976593 0.86023407
0.49979083 0.50020917
0.49941199 0.50058801
0.89997378 0.10002622
0.69697555 0.30302445
0.4975115 0.5024885
0.37935394 0.62064606
0.20075128 0.79924872
0.1000254 0.8999746
0.10834899 0.89165101
0.87495243 0.12504757
0.08342834 0.91657166
0.89979447 0.10020553
0.89462456 0.10537544
0.5006254 0.4993746
0.83328761 0.16671239
0.13560461 0.86439539
0.12501976 0.87498024
0.1250261 0.8749739
0.69998243 0.30001757
0.89983253 0.10016747
0.12503812 0.87496188
0.35164768 0.64835232
0.69864825 0.30135175
0.87470647 0.12529353
0.89987783 0.10012217
0.21192083 0.78807917
0.89993968 0.10006032
0.87474152 0.12525848
0.10029463 0.89970537
0.89182324 0.10817676
0.49967172 0.50032828
0.8331935 0.1668065
0.69685144 0.30314856
0.36667444 0.63332556
0.83330812 0.16669188
0.8332153 0.1667847
0.83307282 0.16692718
0.83307282 0.16692718
0.8747931 0.1252069
0.8747931 0.1252069
0.87477771 0.12522229
0.87491494 0.12508506
0.62452592 0.37547408
0.87491494 0.12508506
0.50345513 0.49654487
0.87486986 0.12513014
0.83317721 0.16682279
0.83311671 0.16688329
0.8076338 0.1923662
0.87487056 0.12512944
0.50036731 0.49963269
0.89958047 0.10041953
0.83318855 0.16681145
0.87492131 0.12507869
0.70192944 0.29807056
0.87496406 0.12503594
0.8332153 0.1667847
0.89978414 0.10021586
0.83318855 0.16681145
0.87487056 0.12512944
0.87486986 0.12513014
0.87490219 0.12509781
0.89978414 0.10021586
0.83318855 0.16681145
0.87479883 0.12520117
0.89984256 0.10015744
0.87479883 0.12520117
0.89987658 0.10012342
0.87486986 0.12513014
0.87487056 0.12512944
0.89984256 0.10015744
0.89984989 0.10015011
0.89987658 0.10012342
0.87491494 0.12508506
0.87477771 0.12522229
0.8332153 0.1667847
0.83321391 0.16678609
0.87471188 0.12528812
0.8332153 0.1667847
0.83321391 0.16678609
0.8332153 0.1667847
0.87486486 0.12513514
0.63061148 0.36938852
0.8332153 0.1667847
0.87457787 0.12542213
0.62398799 0.37601201
0.83321391 0.16678609
0.62452592 0.37547408
0.87484953 0.12515047
0.83314675 0.16685325
0.83314675 0.16685325
0.87484953 0.12515047
0.87493235 0.12506765
0.83317721 0.16682279
0.6473732 0.3526268
0.87486486 0.12513514
0.87477771 0.12522229
0.83321391 0.16678609
0.83307282 0.16692718
0.83311671 0.16688329
0.87492575 0.12507425
0.50004861 0.49995139
0.83307282 0.16692718
0.50064554 0.49935446
0.83321391 0.16678609
0.8332153 0.1667847
0.87463951 0.12536049
0.87471117 0.12528883
0.87486486 0.12513514
0.86016154 0.13983846
0.63543948 0.36456052
0.70572251 0.29427749
0.89962304 0.10037696
0.83285644 0.16714356
0.87470295 0.12529705
0.83285644 0.16714356
0.8332505 0.1667495
0.74998379 0.25001621
0.74998379 0.25001621
0.74998379 0.25001621
0.87486416 0.12513584
0.83321391 0.16678609
0.8332153 0.1667847
0.8332153 0.1667847
0.74998379 0.25001621
0.36691954 0.63308046
0.109058 0.890942
0.50057017 0.49942983
0.89173257 0.10826743
0.63181114 0.36818886
0.83328408 0.16671592
0.14376525 0.85623475
0.49900003 0.50099997
0.62367805 0.37632195
0.79990764 0.20009236
0.63100928 0.36899072
0.86348194 0.13651806
0.62812771 0.37187229
0.74946255 0.25053745
0.6349379 0.3650621
0.29988856 0.70011144
0.63100928 0.36899072
0.86054265 0.13945735
0.83309945 0.16690055
0.63274318 0.36725682
0.71616819 0.28383181
0.50162041 0.49837959
0.89995559 0.10004441
0.50023408 0.49976592
0.50055631 0.49944369
0.13998374 0.86001626
0.5 0.5
0.74998379 0.25001621
0.83316906 0.16683094
0.87498139 0.12501861
0.30004629 0.69995371
0.89173146 0.10826854
0.83301024 0.16698976
0.8747971 0.1252029
0.8603206 0.1396794
0.86054821 0.13945179
0.16668555 0.83331445
0.63564123 0.36435877
0.13988453 0.86011547
0.89306302 0.10693698
0.74937548 0.25062452
0.14378038 0.85621962
0.50005682 0.49994318
0.63955825 0.36044175
0.87468006 0.12531994
0.74998379 0.25001621
0.83315629 0.16684371
0.49858228 0.50141772
0.10013125 0.89986875
0.51747505 0.48252495
0.49781586 0.50218414
0.70482432 0.29517568
0.51559284 0.48440716
0.37732275 0.62267725
0.83314434 0.16685566
0.49913104 0.50086896
0.69959315 0.30040685
0.8745623 0.1254377
0.49908794 0.50091206
0.37573326 0.62426674
0.89951972 0.10048028
0.49484073 0.50515927
0.48921908 0.51078092
0.78710531 0.21289469
0.78730265 0.21269735
0.78730265 0.21269735
0.78730265 0.21269735
0.85574832 0.14425168
0.78730265 0.21269735
0.61801124 0.38198876
0.13969569 0.86030431
0.29722293 0.70277707
0.49904179 0.50095821
0.68971058 0.31028942
0.10009175 0.89990825
0.37438586 0.62561414
0.12521403 0.87478597
0.49011442 0.50988558
0.29997348 0.70002652
0.5027109 0.4972891
0.37279598 0.62720402
0.87390093 0.12609907
0.83314434 0.16685566
0.11715335 0.88284665
0.29511146 0.70488854
0.63199285 0.36800715
0.30587362 0.69412638
0.86717214 0.13282786
0.64320996 0.35679004
0.62354555 0.37645445
0.13978549 0.86021451
0.13974804 0.86025196
0.37312381 0.62687619
0.13975313 0.86024687
0.10836487 0.89163513
0.10004867 0.89995133
0.30013385 0.69986615
0.10005872 0.89994128
0.10846748 0.89153252
0.14910004 0.85089996
0.65368807 0.34631193
0.36727899 0.63272101
0.11832055 0.88167945
0.36842073 0.63157927
0.37534314 0.62465686
0.10834756 0.89165244
0.36817553 0.63182447
0.10836487 0.89163513
0.49845399 0.50154601
0.36775535 0.63224465
0.13975313 0.86024687
0.3638266 0.6361734
0.13978549 0.86021451
0.13978549 0.86021451
0.10835513 0.89164487
0.11348789 0.88651211
0.13975313 0.86024687
0.13974804 0.86025196
0.10832837 0.89167163
0.10836487 0.89163513
0.36183648 0.63816352
0.12504914 0.87495086
0.13975313 0.86024687
0.49845399 0.50154601
0.10836487 0.89163513
0.12391864 0.87608136
0.10025919 0.89974081
0.12391864 0.87608136
0.4852265 0.5147735
0.36403901 0.63596099
0.10840495 0.89159505
0.13975313 0.86024687
0.10868507 0.89131493
0.1667496 0.8332504
0.36749125 0.63250875
0.10026628 0.89973372
0.63402223 0.36597777
0.50083784 0.49916216
0.12399009 0.87600991
0.11987604 0.88012396
0.64119867 0.35880133
0.10846748 0.89153252
0.13974804 0.86025196
0.13975313 0.86024687
0.10836487 0.89163513
0.10612424 0.89387576
0.13993818 0.86006182
0.13998358 0.86001642
0.12395619 0.87604381
0.29996484 0.70003516
0.66493664 0.33506336
0.70108268 0.29891732
0.7006954 0.2993046
0.10837168 0.89162832
0.10612686 0.89387314
0.36771296 0.63228704
0.10620634 0.89379366
0.12506431 0.87493569
0.38983507 0.61016493
0.65367257 0.34632743
0.2973818 0.7026182
0.36771296 0.63228704
0.36771296 0.63228704
0.36771296 0.63228704
0.36631662 0.63368338
0.53709548 0.46290452
0.12420823 0.87579177
0.53593517 0.46406483
0.7011738 0.2988262
0.39184259 0.60815741
0.65239062 0.34760938
0.36796759 0.63203241
0.50570063 0.49429937
0.49764587 0.50235413
0.106153 0.893847
0.36783086 0.63216914
0.36631662 0.63368338
0.10834756 0.89165244
0.10835513 0.89164487
0.10830425 0.89169575
0.10001458 0.89998542
0.10830425 0.89169575
0.36520364 0.63479636
0.10830154 0.89169846
0.36520364 0.63479636
0.10010589 0.89989411
0.10001839 0.89998161
0.10835291 0.89164709
0.13978865 0.86021135
0.10830721 0.89169279
0.10830154 0.89169846
0.10001458 0.89998542
0.10001458 0.89998542
0.10001839 0.89998161
0.10001839 0.89998161
0.1250168 0.8749832
0.10032869 0.89967131
0.2997137 0.7002863
0.10001839 0.89998161
0.10004568 0.89995432
0.10001458 0.89998542
0.10834439 0.89165561
0.10004271 0.89995729
0.12501927 0.87498073
0.10001839 0.89998161
0.10004831 0.89995169
0.10004271 0.89995729
0.10004271 0.89995729
0.10831004 0.89168996
0.10834666 0.89165334
0.12506371 0.87493629
0.10004659 0.89995341
0.10005742 0.89994258
0.10001839 0.89998161
0.10830743 0.89169257
0.10831014 0.89168986
0.10001458 0.89998542
0.10001458 0.89998542
0.1135132 0.8864868
0.10001839 0.89998161
0.12507114 0.87492886
0.1083038 0.8916962
0.10001458 0.89998542
0.10001458 0.89998542
0.10007082 0.89992918
0.10001839 0.89998161
0.10017435 0.89982565
0.10004831 0.89995169
0.10002017 0.89997983
0.59440246 0.40559754
0.1250686 0.8749314
0.10024834 0.89975166
0.10004449 0.89995551
0.10001458 0.89998542
0.10002017 0.89997983
0.13978354 0.86021646
0.59440246 0.40559754
0.30026909 0.69973091
0.10004831 0.89995169
0.3000152 0.6999848
0.10002017 0.89997983
0.29479212 0.70520788
0.10014029 0.89985971
0.10001839 0.89998161
0.10830154 0.89169846
0.10001839 0.89998161
0.10849345 0.89150655
0.10004831 0.89995169
0.10001458 0.89998542
0.10831004 0.89168996
0.10001839 0.89998161
0.3676086 0.6323914
0.10001839 0.89998161
0.10001839 0.89998161
0.10001839 0.89998161
0.10831004 0.89168996
0.10830154 0.89169846
0.10004271 0.89995729
0.10831004 0.89168996
0.10004831 0.89995169
0.10002017 0.89997983
0.10004271 0.89995729
0.10001458 0.89998542
0.10830154 0.89169846
0.10003677 0.89996323
0.10001458 0.89998542
0.10001458 0.89998542
0.10001839 0.89998161
0.10004271 0.89995729
0.30165793 0.69834207
0.14003403 0.85996597
0.62471196 0.37528804
0.12511939 0.87488061
0.10013912 0.89986088
0.10008381 0.89991619
0.10607768 0.89392232
0.12502764 0.87497236
0.29292063 0.70707937
0.25484044 0.74515956
0.25185006 0.74814994
0.14377627 0.85622373
0.12504826 0.87495174
0.10014467 0.89985533
0.10007814 0.89992186
0.37761773 0.62238227
0.62978601 0.37021399
0.29600709 0.70399291
0.12507486 0.87492514
0.87495243 0.12504757
0.29152829 0.70847171
0.49938902 0.50061098
0.10010262 0.89989738
0.29860323 0.70139677
0.11057863 0.88942137
0.84128072 0.15871928
0.8076338 0.1923662
0.63095639 0.36904361
0.49740264 0.50259736
0.16751318 0.83248682
0.12504413 0.87495587
0.10004144 0.89995856
0.13222447 0.86777553
0.84030995 0.15969005
0.125316 0.874684
0.83326574 0.16673426
0.89168902 0.10831098
0.16678868 0.83321132
0.13569624 0.86430376
0.12511633 0.87488367
0.12504156 0.87495844
0.3015119 0.6984881
0.12504365 0.87495635
0.83228689 0.16771311
0.16670761 0.83329239
0.12510726 0.87489274
0.86053799 0.13946201
0.83295527 0.16704473
0.1001068 0.8998932
0.16670761 0.83329239
0.10008984 0.89991016
0.1396994 0.8603006
0.3776628 0.6223372
0.36014339 0.63985661
0.10832983 0.89167017
0.64105765 0.35894235
0.12501651 0.87498349
0.13560493 0.86439507
0.74998379 0.25001621
0.62280141 0.37719859
0.29152829 0.70847171
0.13970027 0.86029973
0.12507565 0.87492435
0.36718988 0.63281012
0.63237924 0.36762076
0.10617201 0.89382799
0.30081653 0.69918347
0.12502507 0.87497493
0.12547937 0.87452063
0.10032135 0.89967865
0.10008051 0.89991949
0.87476959 0.12523041
0.30071034 0.69928966
0.1084378 0.8915622
0.12504365 0.87495635
0.10013508 0.89986492
0.30066551 0.69933449
0.10003327 0.89996673
0.10612628 0.89387372
0.12504156 0.87495844
0.13575985 0.86424015
0.37730998 0.62269002
0.12501651 0.87498349
0.37392083 0.62607917
0.87485993 0.12514007
0.5031713 0.4968287
0.37347699 0.62652301
0.36517032 0.63482968
0.13569624 0.86430376
0.87496317 0.12503683
0.20097827 0.79902173
0.5031713 0.4968287
0.25009074 0.74990926
0.50065536 0.49934464
0.37546489 0.62453511
0.49955289 0.50044711
0.25009074 0.74990926
0.25009074 0.74990926
0.25009074 0.74990926
0.12543158 0.87456842
0.11914002 0.88085998
0.10686288 0.89313712
0.1373541 0.8626459
0.11914002 0.88085998
0.11914002 0.88085998
0.79964512 0.20035488
0.85985122 0.14014878
0.10686288 0.89313712
0.1068451 0.8931549
0.13703165 0.86296835
0.10686288 0.89313712
0.10684752 0.89315248
0.19363225 0.80636775
0.10688956 0.89311044
0.10686288 0.89313712
0.13987986 0.86012014
0.13721127 0.86278873
0.12509868 0.87490132
0.13704183 0.86295817
0.13970761 0.86029239
0.20077188 0.79922812
0.13982039 0.86017961
0.13704183 0.86295817
0.49889373 0.50110627
0.20077188 0.79922812
0.49942586 0.50057414
0.25006528 0.74993472
0.13972657 0.86027343
0.74996541 0.25003459
0.20077188 0.79922812
0.20077188 0.79922812
0.20077188 0.79922812
0.49942586 0.50057414
0.37441297 0.62558703
0.11915577 0.88084423
0.49932409 0.50067591
0.86048136 0.13951864
0.37685034 0.62314966
0.50021369 0.49978631
0.18207711 0.81792289
0.37338315 0.62661685
0.10844932 0.89155068
0.1369618 0.8630382
0.13699712 0.86300288
0.10008639 0.89991361
0.10008723 0.89991277
0.12506688 0.87493312
0.12506688 0.87493312
0.13976593 0.86023407
0.8195211 0.1804789
0.48735697 0.51264303
0.48786862 0.51213138
0.12556826 0.87443174
0.13730135 0.86269865
0.62386039 0.37613961
0.85638776 0.14361224
0.85638776 0.14361224
0.13698986 0.86301014
0.37441297 0.62558703
0.37651991 0.62348009
0.10686288 0.89313712
0.61587697 0.38412303
0.4854672 0.5145328
0.13697891 0.86302109
0.83324208 0.16675792
0.16705935 0.83294065
0.10049642 0.89950358
0.29322695 0.70677305
0.167392 0.832608
0.13993305 0.86006695
0.13697971 0.86302029
0.13730135 0.86269865
0.20079567 0.79920433
0.50022068 0.49977932
0.19477944 0.80522056
0.12504156 0.87495844
0.62099259 0.37900741
0.35257746 0.64742254
0.14007322 0.85992678
0.35257746 0.64742254
0.83329813 0.16670187
0.48431534 0.51568466
0.82201341 0.17798659
0.87564753 0.12435247
0.83317721 0.16682279
0.87564179 0.12435821
0.87564753 0.12435247
0.48464501 0.51535499
0.87564753 0.12435247
0.48430025 0.51569975
0.48464501 0.51535499
0.48431534 0.51568466
0.35771363 0.64228637
0.4847342 0.5152658
0.87564179 0.12435821
0.87564179 0.12435821
0.87564753 0.12435247
0.48431534 0.51568466
0.36862036 0.63137964
0.87562015 0.12437985
0.36804458 0.63195542
0.82194149 0.17805851
0.4847493 0.5152507
0.87564753 0.12435247
0.8569777 0.1430223
0.48431534 0.51568466
0.48431534 0.51568466
0.10688114 0.89311886
0.48430025 0.51569975
0.86055331 0.13944669
0.48430025 0.51569975
0.48431534 0.51568466
0.87564753 0.12435247
0.48431534 0.51568466
0.48431534 0.51568466
0.87564753 0.12435247
0.3578341 0.6421659
0.11904612 0.88095388
0.48431534 0.51568466
0.87564753 0.12435247
0.63328609 0.36671391
0.87564753 0.12435247
0.87564753 0.12435247
0.87564753 0.12435247
0.48431534 0.51568466
0.48421184 0.51578816
0.48431534 0.51568466
0.63266327 0.36733673
0.3744803 0.6255197
0.87564753 0.12435247
0.82201341 0.17798659
0.50065939 0.49934061
0.48494156 0.51505844
0.63281327 0.36718673
0.48483164 0.51516836
0.87564753 0.12435247
0.10691329 0.89308671
0.89182294 0.10817706
0.87564753 0.12435247
0.48431534 0.51568466
0.63279162 0.36720838
0.8569777 0.1430223
0.3000091 0.6999909
0.62213357 0.37786643
0.48431534 0.51568466
0.62217291 0.37782709
0.36802922 0.63197078
0.48507897 0.51492103
0.48454171 0.51545829
0.87564179 0.12435821
0.8569777 0.1430223
0.4847493 0.5152507
0.82194149 0.17805851
0.87564179 0.12435821
0.87564753 0.12435247
0.87564753 0.12435247
0.82201341 0.17798659
0.62501282 0.37498718
0.16365714 0.83634286
0.16365714 0.83634286
0.4847342 0.5152658
0.8569777 0.1430223
0.87564179 0.12435821
0.63275505 0.36724495
0.62215216 0.37784784
0.16361485 0.83638515
0.36763712 0.63236288
0.4847342 0.5152658
0.87564753 0.12435247
0.48431534 0.51568466
